<TICKER>,<PER>,<DATE>,<TIME>,<OPEN>,<HIGH>,<LOW>,<CLOSE>,<VOL>
DSX,D,20150102,000000,3132.7700000,3165.9200000,3114.7600000,3139.4400000,1760
DSX,D,20150105,000000,3126.8100000,3150.0900000,3020.7900000,3023.1400000,2017
DSX,D,20150106,000000,3033.4400000,3061.1900000,2998.5300000,3007.9100000,1990
DSX,D,20150107,000000,3019.4700000,3055.8700000,3002.7800000,3026.7900000,1868
DSX,D,20150108,000000,3051.2600000,3139.9200000,3051.2600000,3135.0800000,2013
DSX,D,20150109,000000,3128.4200000,3128.4200000,3021.2300000,3042.9000000,1855
DSX,D,20150112,000000,3055.6600000,3096.9100000,3033.3400000,3084.1800000,1880
DSX,D,20150113,000000,3069.8200000,3146.5400000,3065.3700000,3133.8600000,1986
DSX,D,20150114,000000,3108.3400000,3148.2600000,3077.2400000,3089.6700000,2005
DSX,D,20150115,000000,3112.3700000,3169.1900000,3020.5400000,3157.3600000,2010
DSX,D,20150116,000000,3147.5300000,3208.0600000,3133.9000000,3202.2400000,1003
DSX,D,20150119,000000,3208.6200000,3237.8800000,3198.3600000,3218.7900000,1191
DSX,D,20150120,000000,3229.3400000,3257.6500000,3226.7400000,3244.9200000,1339
DSX,D,20150121,000000,3265.2000000,3269.7300000,3265.2000000,3269.7300000,76
DSX,D,20150122,000000,3270.4000000,3332.5100000,3261.8500000,3322.6500000,2089
DSX,D,20150123,000000,3345.4500000,3412.7600000,3345.4500000,3382.5500000,2058
DSX,D,20150126,000000,3372.0300000,3417.4600000,3362.6300000,3414.2800000,2097
DSX,D,20150127,000000,3413.3300000,3413.3300000,3353.1300000,3372.5800000,2096
DSX,D,20150128,000000,3384.2100000,3393.9300000,3333.3600000,3358.9600000,2039
DSX,D,20150129,000000,3341.1800000,3373.1800000,3326.3800000,3371.8300000,2084
DSX,D,20150130,000000,3386.5900000,3392.7000000,3332.3900000,3351.4400000,2053
DSX,D,20150202,000000,3356.1300000,3370.8100000,3327.0800000,3370.1100000,2102
DSX,D,20150203,000000,3386.5500000,3426.6700000,3386.5500000,3414.1800000,2101
DSX,D,20150204,000000,3416.8000000,3422.0400000,3389.2000000,3415.5300000,2079
DSX,D,20150205,000000,3393.6200000,3410.5200000,3376.7500000,3408.9600000,2060
DSX,D,20150206,000000,3404.9400000,3408.8800000,3383.7500000,3398.1600000,1802
DSX,D,20150209,000000,3371.5100000,3371.5100000,3322.1100000,3347.7500000,2022
DSX,D,20150210,000000,3354.5200000,3401.1300000,3336.8200000,3383.1300000,2041
DSX,D,20150211,000000,3384.4000000,3389.1700000,3361.4700000,3374.1400000,1952
DSX,D,20150212,000000,3371.5700000,3433.5100000,3365.2500000,3417.6100000,2093
DSX,D,20150213,000000,3428.9000000,3462.2700000,3428.9000000,3447.5900000,2089
DSX,D,20150216,000000,3445.4400000,3446.5200000,3431.2900000,3433.3000000,1955
DSX,D,20150217,000000,3420.9300000,3443.8300000,3381.2900000,3438.4400000,2087
DSX,D,20150218,000000,3450.1200000,3473.5800000,3450.1200000,3465.8000000,2083
DSX,D,20150219,000000,3459.4900000,3493.6700000,3439.1800000,3488.0800000,2035
DSX,D,20150220,000000,3483.5800000,3495.3000000,3454.8100000,3490.5300000,2034
DSX,D,20150223,000000,3510.8100000,3529.0100000,3498.2700000,3519.5800000,1985
DSX,D,20150224,000000,3523.9900000,3555.3100000,3510.4500000,3547.1000000,2011
DSX,D,20150225,000000,3544.8100000,3549.0300000,3529.1200000,3541.7800000,2073
DSX,D,20150226,000000,3542.2100000,3576.3400000,3537.1900000,3574.9400000,1992
DSX,D,20150227,000000,3574.3300000,3599.0000000,3563.1500000,3599.0000000,1940
DSX,D,20150302,000000,3594.2500000,3607.9700000,3577.5100000,3591.0900000,1916
DSX,D,20150303,000000,3595.3600000,3604.2700000,3546.2900000,3549.1100000,2005
DSX,D,20150304,000000,3555.9100000,3583.4400000,3533.4000000,3583.4400000,2094
DSX,D,20150305,000000,3590.1000000,3625.9300000,3589.2000000,3618.2100000,1969
DSX,D,20150306,000000,3615.0000000,3635.9300000,3611.1000000,3617.6200000,2075
DSX,D,20150309,000000,3604.1300000,3614.5800000,3585.1200000,3610.2800000,2066
DSX,D,20150310,000000,3605.8100000,3610.8300000,3552.4300000,3567.2500000,2084
DSX,D,20150311,000000,3575.9600000,3653.9400000,3575.9600000,3649.5400000,2077
DSX,D,20150312,000000,3646.3500000,3653.3800000,3635.7700000,3641.3200000,2094
DSX,D,20150313,000000,3649.4600000,3656.2100000,3628.1400000,3656.2100000,1989
DSX,D,20150316,000000,3664.5300000,3715.3600000,3664.5300000,3706.7500000,1925
DSX,D,20150317,000000,3708.0400000,3714.0200000,3654.5300000,3672.1600000,2071
DSX,D,20150318,000000,3673.9700000,3680.5700000,3643.1300000,3668.5200000,2085
DSX,D,20150319,000000,3664.6200000,3690.6300000,3646.2900000,3670.7300000,2075
DSX,D,20150320,000000,3676.1400000,3738.2000000,3672.6000000,3726.0700000,2091
DSX,D,20150323,000000,3718.4500000,3718.4500000,3688.7300000,3699.0400000,1969
DSX,D,20150324,000000,3690.9200000,3742.4200000,3677.3100000,3731.3500000,2036
DSX,D,20150325,000000,3724.7500000,3730.8000000,3680.1500000,3684.0400000,1953
DSX,D,20150326,000000,3664.1500000,3669.7900000,3616.7500000,3669.7900000,2082
DSX,D,20150327,000000,3677.7100000,3694.4600000,3657.7800000,3679.0300000,2021
DSX,D,20150330,000000,3691.6100000,3730.9000000,3689.7000000,3727.8000000,1940
DSX,D,20150331,000000,3720.1700000,3738.4100000,3688.5500000,3697.3800000,1910
DSX,D,20150401,000000,3688.1800000,3748.6300000,3675.2900000,3714.8900000,2082
DSX,D,20150402,000000,3713.7400000,3723.3400000,3705.6500000,3715.2700000,2076
DSX,D,20150407,000000,3729.2700000,3778.7400000,3729.2700000,3768.7200000,1915
DSX,D,20150408,000000,3764.6000000,3774.0900000,3736.3200000,3742.6300000,2087
DSX,D,20150409,000000,3752.6600000,3781.7900000,3751.1900000,3781.7900000,2088
DSX,D,20150410,000000,3790.2600000,3816.7600000,3789.6400000,3816.7600000,1957
DSX,D,20150413,000000,3813.9600000,3836.2800000,3807.7300000,3828.7800000,1894
DSX,D,20150414,000000,3814.8800000,3822.9200000,3766.8100000,3784.5300000,1879
DSX,D,20150415,000000,3790.5600000,3816.3200000,3786.3600000,3803.5500000,2019
DSX,D,20150416,000000,3801.3800000,3801.3800000,3749.1600000,3751.7200000,2064
DSX,D,20150417,000000,3748.0900000,3758.5200000,3668.8800000,3674.0500000,1920
DSX,D,20150420,000000,3682.3200000,3718.2000000,3682.3200000,3718.0400000,1940
DSX,D,20150421,000000,3727.1500000,3757.1200000,3707.4700000,3719.3800000,2096
DSX,D,20150422,000000,3727.1000000,3750.1000000,3685.1900000,3724.4900000,2091
DSX,D,20150423,000000,3725.6800000,3736.9700000,3669.2200000,3697.8800000,2098
DSX,D,20150424,000000,3707.0000000,3737.8800000,3687.5200000,3713.9600000,2061
DSX,D,20150427,000000,3715.9800000,3782.2900000,3675.2400000,3771.4500000,2082
DSX,D,20150428,000000,3765.2500000,3768.5800000,3694.4100000,3715.4200000,2101
DSX,D,20150429,000000,3719.4500000,3734.6200000,3612.2900000,3617.1100000,2110
DSX,D,20150430,000000,3609.5100000,3641.5800000,3577.6900000,3615.5900000,2022
DSX,D,20150501,000000,3615.5900000,3615.5900000,3615.5900000,3615.5900000,2
DSX,D,20150504,000000,3615.3000000,3654.8200000,3584.1300000,3632.9400000,2096
DSX,D,20150505,000000,3628.5300000,3666.4700000,3544.1600000,3546.5600000,2097
DSX,D,20150506,000000,3546.5900000,3585.3600000,3527.5000000,3558.0300000,1937
DSX,D,20150507,000000,3538.0200000,3567.0800000,3484.0700000,3556.2100000,2112
DSX,D,20150508,000000,3570.6900000,3649.7900000,3564.0700000,3649.4800000,1917
DSX,D,20150511,000000,3635.8100000,3635.8100000,3606.5900000,3624.4100000,1940
DSX,D,20150512,000000,3608.9400000,3608.9400000,3543.2700000,3573.1000000,2105
DSX,D,20150513,000000,3581.3500000,3613.7100000,3539.6700000,3553.4200000,1935
DSX,D,20150514,000000,3544.9300000,3610.6100000,3512.7500000,3602.2200000,2090
DSX,D,20150515,000000,3609.6500000,3627.2700000,3554.8500000,3573.0700000,1952
DSX,D,20150518,000000,3574.6100000,3593.9000000,3531.2300000,3589.2200000,1910
DSX,D,20150519,000000,3610.2400000,3675.0700000,3610.2400000,3670.5200000,2088
DSX,D,20150520,000000,3668.4900000,3688.3900000,3651.9000000,3683.4800000,2100
DSX,D,20150521,000000,3676.4200000,3688.7200000,3660.0200000,3688.7200000,1965
DSX,D,20150522,000000,3686.6300000,3691.4200000,3669.1300000,3679.1400000,1959
DSX,D,20150525,000000,3677.2100000,3677.2100000,3646.2400000,3655.4100000,2043
DSX,D,20150526,000000,3655.3700000,3675.1700000,3604.9000000,3619.3000000,1921
DSX,D,20150527,000000,3632.0100000,3690.5700000,3618.8600000,3682.8700000,2094
DSX,D,20150528,000000,3667.2600000,3672.1800000,3622.9200000,3650.7100000,2090
DSX,D,20150529,000000,3651.3600000,3656.9900000,3569.7600000,3570.7800000,1911
DSX,D,20150601,000000,3582.0800000,3602.2100000,3552.7300000,3575.0400000,2095
DSX,D,20150602,000000,3588.7000000,3590.5100000,3532.5700000,3561.8900000,1977
DSX,D,20150603,000000,3569.7900000,3620.5600000,3555.5300000,3583.8200000,2095
DSX,D,20150604,000000,3571.2600000,3595.6900000,3509.7200000,3556.3800000,2085
DSX,D,20150605,000000,3532.2400000,3539.8200000,3494.6800000,3510.0100000,2101
DSX,D,20150608,000000,3499.6200000,3515.8600000,3468.3100000,3468.3100000,1951
DSX,D,20150609,000000,3463.1800000,3475.5800000,3410.2300000,3456.7900000,2092
DSX,D,20150610,000000,3443.1300000,3540.3500000,3430.9700000,3526.4800000,2088
DSX,D,20150611,000000,3519.2700000,3589.3300000,3514.6800000,3551.9100000,2098
DSX,D,20150612,000000,3545.0900000,3557.8900000,3465.7600000,3502.7700000,2102
DSX,D,20150615,000000,3479.7800000,3479.7800000,3426.7600000,3438.0700000,2031
DSX,D,20150616,000000,3419.0300000,3465.0800000,3386.5400000,3454.0900000,2093
DSX,D,20150617,000000,3453.4300000,3469.5900000,3416.8300000,3428.7600000,2092
DSX,D,20150618,000000,3421.6500000,3451.7200000,3374.1800000,3450.4500000,2041
DSX,D,20150619,000000,3453.6000000,3498.3800000,3446.5000000,3455.8000000,2103
DSX,D,20150622,000000,3497.0900000,3601.8800000,3497.0900000,3596.0700000,2102
DSX,D,20150623,000000,3625.8200000,3651.3100000,3613.5100000,3625.9700000,2047
DSX,D,20150624,000000,3628.1100000,3638.1900000,3580.5600000,3610.9500000,2105
DSX,D,20150625,000000,3590.5600000,3651.0100000,3577.7400000,3610.9100000,2102
DSX,D,20150626,000000,3588.8600000,3642.8500000,3569.5800000,3621.3700000,2095
DSX,D,20150629,000000,3544.2900000,3544.2900000,3449.1400000,3468.9000000,2038
DSX,D,20150630,000000,3460.8500000,3493.1000000,3416.5100000,3424.3000000,2046
DSX,D,20150701,000000,3444.2000000,3532.8800000,3437.9800000,3496.2800000,2078
DSX,D,20150702,000000,3503.1100000,3510.0200000,3461.1400000,3463.2500000,2023
DSX,D,20150703,000000,3462.7600000,3469.4700000,3422.8900000,3441.7600000,2062
DSX,D,20150706,000000,3405.7100000,3410.8900000,3358.6000000,3365.2000000,2032
DSX,D,20150707,000000,3369.9800000,3378.6800000,3291.3900000,3294.1900000,2096
DSX,D,20150708,000000,3297.8100000,3345.9500000,3292.6000000,3327.5000000,2063
DSX,D,20150709,000000,3337.1700000,3433.8300000,3337.1700000,3420.0300000,2090
DSX,D,20150710,000000,3474.1600000,3536.9000000,3474.1600000,3528.8100000,1988
DSX,D,20150713,000000,3562.3900000,3600.2500000,3561.8000000,3590.4300000,2099
DSX,D,20150714,000000,3588.4200000,3607.1900000,3571.7200000,3607.1900000,1785
DSX,D,20150715,000000,3605.2100000,3629.4600000,3597.3400000,3623.8700000,2052
DSX,D,20150716,000000,3638.7800000,3696.4300000,3638.7800000,3676.4100000,2050
DSX,D,20150717,000000,3683.3900000,3688.2200000,3662.2200000,3670.3400000,2097
DSX,D,20150720,000000,3673.0000000,3714.2600000,3673.0000000,3686.5800000,2080
DSX,D,20150721,000000,3689.6200000,3696.5400000,3640.3000000,3647.9600000,2085
DSX,D,20150722,000000,3629.5300000,3648.8900000,3623.7600000,3635.5800000,2008
DSX,D,20150723,000000,3657.3600000,3663.8500000,3620.8900000,3634.6400000,2084
DSX,D,20150724,000000,3629.1400000,3652.9200000,3597.5700000,3600.0000000,2019
DSX,D,20150727,000000,3587.9500000,3587.9500000,3513.1000000,3513.1000000,2099
DSX,D,20150728,000000,3531.7100000,3568.0200000,3523.4500000,3554.1100000,2038
DSX,D,20150729,000000,3565.1400000,3583.1000000,3545.8000000,3575.5300000,2069
DSX,D,20150730,000000,3595.0900000,3599.6300000,3553.9800000,3583.7900000,2089
DSX,D,20150731,000000,3590.5600000,3600.6900000,3557.6900000,3600.6900000,2090
DSX,D,20150803,000000,3599.2100000,3641.2200000,3587.9800000,3635.4000000,2090
DSX,D,20150804,000000,3630.6500000,3630.6500000,3602.3500000,3619.3100000,2096
DSX,D,20150805,000000,3630.9900000,3680.7100000,3630.9900000,3676.7500000,1964
DSX,D,20150806,000000,3669.4400000,3686.5700000,3662.5200000,3668.4700000,1988
DSX,D,20150807,000000,3662.6300000,3666.2200000,3636.5600000,3637.8000000,2083
DSX,D,20150810,000000,3650.4900000,3678.2000000,3622.3300000,3674.9400000,2078
DSX,D,20150811,000000,3666.9300000,3666.9300000,3602.2600000,3605.2800000,2108
DSX,D,20150812,000000,3566.3700000,3567.4300000,3473.2000000,3484.4100000,2043
DSX,D,20150813,000000,3519.5100000,3554.4400000,3508.6500000,3516.1500000,2022
DSX,D,20150814,000000,3516.7600000,3539.0900000,3476.3500000,3491.0300000,2096
DSX,D,20150817,000000,3509.3700000,3537.1000000,3456.6100000,3497.9000000,2096
DSX,D,20150818,000000,3494.3000000,3510.6500000,3480.1400000,3495.3800000,2084
DSX,D,20150819,000000,3474.9100000,3479.4000000,3429.8400000,3429.8400000,2107
DSX,D,20150820,000000,3418.1100000,3426.1800000,3347.1300000,3353.4800000,2100
DSX,D,20150821,000000,3319.3500000,3352.7600000,3247.2600000,3247.2600000,2108
DSX,D,20150824,000000,3174.9300000,3186.4000000,2973.1600000,3073.3900000,2038
DSX,D,20150825,000000,3105.5200000,3237.5200000,3105.4800000,3218.0100000,2070
DSX,D,20150826,000000,3187.3600000,3224.5200000,3124.7700000,3170.7300000,2050
DSX,D,20150827,000000,3220.1100000,3300.9300000,3220.1100000,3280.7800000,2044
DSX,D,20150828,000000,3285.5800000,3290.1800000,3252.5200000,3286.5900000,2042
DSX,D,20150831,000000,3265.9200000,3277.7800000,3237.7300000,3269.6300000,2003
DSX,D,20150901,000000,3238.9500000,3238.9500000,3161.8500000,3188.7300000,1998
DSX,D,20150902,000000,3196.0500000,3203.0200000,3196.0500000,3198.8600000,11
DSX,D,20150903,000000,3223.2900000,3296.0400000,3222.8500000,3270.0900000,1922
DSX,D,20150904,000000,3237.0500000,3237.0500000,3159.8900000,3180.2500000,1970
DSX,D,20150907,000000,3209.4200000,3225.4600000,3185.9300000,3197.9700000,1983
DSX,D,20150908,000000,3214.3900000,3275.6100000,3214.3900000,3233.8400000,1984
DSX,D,20150909,000000,3281.2800000,3326.8600000,3269.9800000,3269.9800000,2100
DSX,D,20150910,000000,3244.2100000,3266.7200000,3210.2400000,3221.1400000,2104
DSX,D,20150911,000000,3233.4800000,3233.4800000,3182.3600000,3187.9400000,2001
DSX,D,20150914,000000,3192.5100000,3221.4400000,3171.5600000,3175.6200000,2085
DSX,D,20150915,000000,3181.8800000,3224.2200000,3158.5100000,3207.6000000,2098
DSX,D,20150916,000000,3232.0700000,3259.4900000,3232.0700000,3251.7900000,2001
DSX,D,20150917,000000,3260.2200000,3266.9300000,3241.2800000,3255.7900000,2022
DSX,D,20150918,000000,3237.5000000,3237.5000000,3139.9900000,3157.3000000,2106
DSX,D,20150921,000000,3158.9200000,3199.0400000,3147.9000000,3184.7200000,2084
DSX,D,20150922,000000,3185.0200000,3185.6500000,3069.3600000,3076.0500000,2091
DSX,D,20150923,000000,3076.2600000,3123.5900000,3058.6100000,3079.9900000,2092
DSX,D,20150924,000000,3078.9000000,3101.0600000,2996.6400000,3019.3400000,2088
DSX,D,20150925,000000,3056.5700000,3130.1700000,3056.5700000,3113.1600000,2096
DSX,D,20150928,000000,3103.4300000,3111.4200000,3030.1500000,3039.4400000,2052
DSX,D,20150929,000000,3006.4600000,3056.7000000,2987.4700000,3029.8600000,1987
DSX,D,20150930,000000,3092.1500000,3117.4500000,3076.2200000,3100.6700000,1915
DSX,D,20151001,000000,3113.0100000,3142.7300000,3057.8200000,3069.0500000,2097
DSX,D,20151002,000000,3077.0600000,3127.2800000,3036.1700000,3088.1800000,2013
DSX,D,20151005,000000,3111.3500000,3202.1300000,3111.3500000,3190.3900000,2099
DSX,D,20151006,000000,3189.5000000,3234.4300000,3166.5100000,3220.0900000,2098
DSX,D,20151007,000000,3233.3100000,3270.6400000,3217.4500000,3226.4000000,2091
DSX,D,20151008,000000,3223.5300000,3233.9800000,3204.9200000,3224.9600000,2013
DSX,D,20151009,000000,3244.4100000,3269.1800000,3241.0900000,3250.3100000,1955
DSX,D,20151012,000000,3251.4700000,3264.4900000,3230.5200000,3247.3300000,1834
DSX,D,20151013,000000,3239.3300000,3239.3300000,3192.0000000,3221.2800000,1955
DSX,D,20151014,000000,3200.2400000,3226.5500000,3178.4300000,3191.5700000,2009
DSX,D,20151015,000000,3203.6800000,3245.0300000,3203.6800000,3238.8100000,2056
DSX,D,20151016,000000,3242.6800000,3272.6200000,3242.6800000,3264.9300000,2106
DSX,D,20151019,000000,3263.6800000,3294.4300000,3258.5500000,3272.0400000,2099
DSX,D,20151020,000000,3273.6700000,3281.3700000,3239.4900000,3255.7200000,2092
DSX,D,20151021,000000,3263.1800000,3282.9600000,3237.5600000,3272.2300000,2092
DSX,D,20151022,000000,3269.4700000,3362.6100000,3258.3900000,3353.1100000,2096
DSX,D,20151023,000000,3374.2500000,3450.6100000,3374.2500000,3425.8100000,2101
DSX,D,20151026,000000,3422.4100000,3433.7200000,3402.3900000,3414.6000000,2085
DSX,D,20151027,000000,3410.4100000,3417.0200000,3381.0100000,3381.0100000,2091
DSX,D,20151028,000000,3383.7700000,3429.5500000,3383.7700000,3421.0900000,2083
DSX,D,20151029,000000,3427.7900000,3435.1200000,3387.6900000,3413.3900000,2022
DSX,D,20151030,000000,3415.9000000,3426.8700000,3392.3400000,3418.2300000,2056
DSX,D,20151102,000000,3404.3800000,3446.7300000,3382.8200000,3434.5000000,2096
DSX,D,20151103,000000,3434.2000000,3444.1700000,3415.1100000,3442.6800000,2104
DSX,D,20151104,000000,3451.4700000,3472.6800000,3435.5100000,3439.1600000,2095
DSX,D,20151105,000000,3441.9200000,3475.5100000,3421.2700000,3447.4900000,1935
DSX,D,20151106,000000,3440.3400000,3485.5500000,3424.0000000,3468.2100000,2030
DSX,D,20151109,000000,3467.7900000,3474.3300000,3417.0200000,3418.3600000,2085
DSX,D,20151110,000000,3426.7000000,3438.2700000,3393.6900000,3425.4000000,2097
DSX,D,20151111,000000,3426.3000000,3469.4900000,3426.3000000,3448.4200000,2094
DSX,D,20151112,000000,3445.7500000,3458.8100000,3381.0500000,3387.7000000,1928
DSX,D,20151113,000000,3385.5200000,3393.2600000,3326.8200000,3360.6500000,2104
DSX,D,20151116,000000,3347.9800000,3378.3500000,3326.7600000,3362.2300000,2097
DSX,D,20151117,000000,3371.1200000,3451.9400000,3371.1200000,3451.9400000,2091
DSX,D,20151118,000000,3449.0800000,3449.0800000,3414.9000000,3431.9200000,2096
DSX,D,20151119,000000,3447.0100000,3475.7900000,3437.9600000,3448.9300000,2094
DSX,D,20151120,000000,3452.1100000,3469.1900000,3427.3300000,3452.4500000,1979
DSX,D,20151123,000000,3449.6400000,3457.3600000,3422.9300000,3445.2600000,2011
DSX,D,20151124,000000,3440.5700000,3440.5700000,3375.8400000,3409.6000000,2102
DSX,D,20151125,000000,3410.6000000,3472.7000000,3402.8300000,3462.0600000,2089
DSX,D,20151126,000000,3458.4000000,3507.4600000,3455.0100000,3498.6200000,2077
DSX,D,20151127,000000,3491.6700000,3512.3300000,3473.4000000,3488.9900000,1964
DSX,D,20151130,000000,3486.1700000,3524.0400000,3471.4800000,3506.4500000,1930
DSX,D,20151201,000000,3509.9000000,3520.0300000,3468.7800000,3479.6400000,1860
DSX,D,20151202,000000,3482.9300000,3499.0600000,3463.3300000,3468.6600000,2095
DSX,D,20151203,000000,3464.8100000,3514.3900000,3343.3400000,3343.3400000,2097
DSX,D,20151204,000000,3342.1800000,3348.7700000,3295.9800000,3330.7500000,2060
DSX,D,20151207,000000,3334.5700000,3394.9300000,3334.5700000,3360.2100000,2097
DSX,D,20151208,000000,3359.0200000,3359.0200000,3282.8100000,3297.4600000,2104
DSX,D,20151209,000000,3299.8200000,3316.4400000,3262.6800000,3277.2100000,2024
DSX,D,20151210,000000,3261.4900000,3288.0800000,3249.2000000,3269.9700000,1995
DSX,D,20151211,000000,3262.0700000,3267.5100000,3189.9300000,3203.2100000,1980
DSX,D,20151214,000000,3218.6700000,3243.9800000,3137.2800000,3139.2400000,2095
DSX,D,20151215,000000,3167.9100000,3248.2400000,3167.1000000,3241.5100000,2048
DSX,D,20151216,000000,3245.4000000,3278.2400000,3227.2800000,3246.7800000,2102
DSX,D,20151217,000000,3268.8100000,3345.2000000,3268.8100000,3306.4700000,2002
DSX,D,20151218,000000,3289.4900000,3301.4000000,3243.2800000,3260.7200000,2130
DSX,D,20151221,000000,3244.7500000,3292.4100000,3213.0100000,3213.0100000,2101
DSX,D,20151222,000000,3224.4900000,3243.7700000,3187.3800000,3214.3200000,2072
DSX,D,20151223,000000,3239.0600000,3292.9500000,3239.0600000,3286.6800000,2039
DSX,D,20151224,000000,3285.0600000,3286.6500000,3279.4700000,3284.4700000,1204
DSX,D,20151228,000000,3287.5400000,3291.9600000,3251.8500000,3256.4900000,2074
DSX,D,20151229,000000,3269.6900000,3314.2800000,3269.6900000,3314.2800000,1984
DSX,D,20151230,000000,3309.8800000,3313.3100000,3285.7500000,3287.9800000,2068
DSX,D,20151231,000000,3287.4900000,3287.4900000,3267.5200000,3267.5200000,752
