<TICKER>,<DATE>,<TIME>,<OPEN>,<HIGH>,<LOW>,<CLOSE>,<VOL>
03/01/12,00:00,34.06000,35.18500,34.05000,34.95000,3166440
04/01/12,00:00,34.42000,35.14000,34.33000,34.95000,2425540
05/01/12,00:00,34.69000,35.92000,34.41000,35.68000,2905602
06/01/12,00:00,35.68000,35.77000,35.14000,35.35000,3366123
09/01/12,00:00,35.37000,35.68000,35.00000,35.27000,2261434
10/01/12,00:00,36.12000,36.34000,35.76000,36.05000,3158615
11/01/12,00:00,35.77000,36.73500,35.66000,36.65000,2749255
12/01/12,00:00,36.87000,37.05000,36.18000,36.82000,3005010
13/01/12,00:00,35.24500,35.92000,35.14000,35.91000,4164211
17/01/12,00:00,34.85000,35.68000,34.58000,34.90000,3630849
18/01/12,00:00,34.54000,36.57000,34.54000,36.55000,2343171
19/01/12,00:00,36.87000,37.15000,36.72000,36.91000,3114270
20/01/12,00:00,36.75000,37.39500,36.62000,37.36000,2011545
23/01/12,00:00,37.32000,37.94000,37.30000,37.67000,2246059
24/01/12,00:00,37.18000,37.88000,36.81500,37.67000,2333428
25/01/12,00:00,37.34000,37.81000,37.13000,37.60000,2925226
26/01/12,00:00,37.93000,38.10000,37.25000,37.49000,2900724
27/01/12,00:00,37.29000,37.66000,37.15500,37.24000,2159146
30/01/12,00:00,36.67000,37.16500,36.37000,37.01000,2167574
31/01/12,00:00,37.46000,37.52500,36.93000,37.31000,2159614
01/02/12,00:00,37.89000,38.03000,37.51000,37.58000,4303036
02/02/12,00:00,37.63000,38.16000,37.42500,37.55000,2116334
03/02/12,00:00,38.29000,38.50000,38.05500,38.28000,3379835
06/02/12,00:00,38.12000,38.32000,37.80500,38.15000,1703198
07/02/12,00:00,37.96500,38.11500,37.71000,37.88000,1661394
08/02/12,00:00,38.08000,38.34500,37.97000,38.29000,1937307
09/02/12,00:00,38.56000,38.65000,37.84500,37.86000,2451621
10/02/12,00:00,37.22000,37.77000,37.11000,37.61000,1947444
13/02/12,00:00,38.09000,38.33500,37.78000,38.30000,2030762
14/02/12,00:00,38.23000,38.23500,37.44500,37.93000,2117762
15/02/12,00:00,38.07000,38.40000,37.32000,37.42000,2000385
16/02/12,00:00,37.16000,38.12000,37.06000,37.99000,2210804
17/02/12,00:00,38.58000,38.63000,38.23000,38.47000,2178769
21/02/12,00:00,38.64000,38.97000,38.41500,38.46000,1810850
22/02/12,00:00,38.29000,38.39000,37.90000,38.10000,2053566
23/02/12,00:00,38.06000,38.51500,37.76000,38.49000,2591762
24/02/12,00:00,38.66000,38.68000,38.19000,38.28000,1906082
27/02/12,00:00,37.99000,39.23000,37.80000,39.06000,3263745
28/02/12,00:00,39.14000,39.55000,38.85000,39.19000,3347103
29/02/12,00:00,39.28000,39.93000,39.02000,39.25000,3698834
01/03/12,00:00,39.50000,40.44500,39.50000,40.39000,3317448
02/03/12,00:00,40.42500,40.87000,40.23000,40.64000,2864483
05/03/12,00:00,40.70000,40.70000,40.00000,40.38000,2700665
06/03/12,00:00,39.47000,39.87000,39.12000,39.32000,3229793
07/03/12,00:00,39.46000,40.05500,39.40000,39.96000,2053350
08/03/12,00:00,40.47000,40.75000,40.22000,40.43000,2551609
09/03/12,00:00,40.75000,41.44000,40.51000,41.05000,2945563
12/03/12,00:00,40.86000,40.95000,40.20000,40.54000,2689155
13/03/12,00:00,41.04000,43.73000,40.83000,43.39000,6953224
14/03/12,00:00,43.62000,44.00000,43.07000,43.59000,6652053
15/03/12,00:00,43.62000,44.92000,42.93000,44.68000,4872389
16/03/12,00:00,44.87000,44.92000,44.22000,44.57000,3408766
19/03/12,00:00,44.41000,45.34500,44.21000,44.99000,4135011
20/03/12,00:00,44.52000,45.59500,44.37000,45.38000,2927650
21/03/12,00:00,45.52000,45.66000,44.87000,45.12000,2291680
22/03/12,00:00,44.73000,45.09000,44.42000,44.66000,2248335
23/03/12,00:00,44.48000,45.25000,44.46000,45.18000,2445518
26/03/12,00:00,45.48000,46.15000,45.41000,46.15000,2306489
27/03/12,00:00,45.92000,46.49000,45.83000,45.90000,2967866
28/03/12,00:00,45.76000,46.31000,45.36500,46.26000,2605849
29/03/12,00:00,45.96000,46.02000,45.28000,45.67000,3076562
30/03/12,00:00,46.07000,46.10000,45.50000,45.96000,2020336
02/04/12,00:00,45.79000,46.35000,45.46000,46.13000,2533698
03/04/12,00:00,45.74000,45.98000,44.97500,45.42000,2881872
04/04/12,00:00,44.68000,44.85000,43.96000,44.41000,4554311
05/04/12,00:00,44.13000,44.72000,43.81000,44.34000,2676122
09/04/12,00:00,43.20000,44.27500,43.09000,43.90000,3007318
10/04/12,00:00,43.88000,44.01000,42.66000,42.96000,3912605
11/04/12,00:00,43.62000,44.21000,43.57000,43.99000,3376184
12/04/12,00:00,44.12000,44.99000,44.00000,44.83000,3037421
13/04/12,00:00,44.91000,44.91000,43.06000,43.21000,4251340
16/04/12,00:00,43.43000,43.80000,42.84000,43.33000,4106155
17/04/12,00:00,43.70000,43.99500,43.16000,43.88000,2175439
18/04/12,00:00,43.65000,43.90000,43.28000,43.31000,1839505
19/04/12,00:00,43.44000,43.69000,42.77000,43.20000,2376664
20/04/12,00:00,43.51000,43.57000,42.71000,42.74500,2020316
23/04/12,00:00,41.92000,42.95500,41.80000,42.84000,2260021
24/04/12,00:00,43.01000,43.31000,42.82000,43.29000,2150997
25/04/12,00:00,43.60000,43.89000,42.98000,43.17000,2501855
26/04/12,00:00,43.17000,43.89000,43.06000,43.80000,2661994
27/04/12,00:00,43.95000,43.98000,43.24000,43.35000,1802739
30/04/12,00:00,43.29000,43.37000,42.55000,42.97000,2035620
01/05/12,00:00,42.97500,44.23500,42.97000,43.80000,2715979
02/05/12,00:00,43.49000,43.50000,42.84500,43.22000,2043670
03/05/12,00:00,43.38000,43.39000,42.67000,43.01000,1872784
04/05/12,00:00,42.38000,42.67000,41.71000,41.72000,2631771
07/05/12,00:00,41.43000,42.39500,41.38000,41.78000,2650961
08/05/12,00:00,41.51000,41.83000,40.95000,41.38000,2431952
09/05/12,00:00,40.72000,41.02000,40.12000,40.65000,3900133
10/05/12,00:00,41.23000,41.40000,40.55000,40.73000,2331245
11/05/12,00:00,37.14000,37.99000,36.62500,36.95000,17980784
14/05/12,00:00,36.10000,36.47000,35.76000,35.80000,6894528
15/05/12,00:00,36.20000,37.27000,36.13000,36.24000,7349819
16/05/12,00:00,36.79000,36.98000,35.46000,35.47000,4634129
17/05/12,00:00,35.05000,35.07000,33.88000,33.94000,8353547
18/05/12,00:00,33.92000,33.92500,32.97000,33.49000,6811726
21/05/12,00:00,33.54000,33.60000,32.26000,32.52500,7654101
22/05/12,00:00,33.32000,34.58000,33.00000,34.02000,6879026
23/05/12,00:00,33.62000,34.37000,33.22000,34.28000,5105050
24/05/12,00:00,34.46000,34.48000,33.62000,33.99000,3165866
25/05/12,00:00,34.00000,34.13000,33.29000,33.49000,1953259
29/05/12,00:00,33.90000,33.98000,33.37000,33.65000,2976907
30/05/12,00:00,33.30000,33.42000,32.95500,32.97000,2629083
31/05/12,00:00,32.95000,33.46000,32.91000,33.15000,3000346
01/06/12,00:00,32.52000,32.65000,31.78000,31.92000,3894973
04/06/12,00:00,32.16000,32.17000,30.84000,30.97000,4967847
05/06/12,00:00,30.91000,32.12500,30.87000,31.97000,4409315
06/06/12,00:00,32.71000,33.31000,32.27000,33.04500,4270003
07/06/12,00:00,33.79000,33.82500,32.80000,32.82000,3318404
08/06/12,00:00,32.72000,33.68000,32.55000,33.66000,2548579
11/06/12,00:00,34.38000,34.44000,32.79000,32.83000,4412029
12/06/12,00:00,32.85000,33.78000,32.53000,33.76000,3679186
13/06/12,00:00,33.73000,35.06500,33.64000,34.29000,6096194
14/06/12,00:00,34.41000,34.89000,34.08000,34.64000,3649182
15/06/12,00:00,34.88000,35.06000,34.41000,35.02000,3238702
18/06/12,00:00,34.71000,35.30000,34.51000,34.60500,2584363
19/06/12,00:00,34.99000,35.62500,34.73000,35.38000,2803450
20/06/12,00:00,36.03000,36.94000,35.83000,36.46000,5564577
21/06/12,00:00,36.49000,37.02000,35.43500,35.51000,3990269
22/06/12,00:00,36.02000,36.48000,35.97000,36.09000,2877218
25/06/12,00:00,35.27000,35.47000,34.65000,35.31000,3126701
26/06/12,00:00,36.06000,36.12000,35.59000,35.73000,3170308
27/06/12,00:00,35.68000,36.82000,35.51000,36.77500,2978716
28/06/12,00:00,35.33000,35.93000,34.85000,35.87000,6225349
29/06/12,00:00,36.75000,36.80000,35.28000,35.74000,4200417
02/07/12,00:00,36.27000,36.36000,35.60000,36.28000,2438149
03/07/12,00:00,35.90000,36.14000,35.54000,35.86000,1816378
05/07/12,00:00,35.61000,35.65000,34.22000,34.40000,3532415
06/07/12,00:00,33.92000,34.12000,33.73000,33.90000,2986959
09/07/12,00:00,33.89000,34.11000,33.54500,33.95000,2464521
10/07/12,00:00,34.18000,34.45000,33.81000,34.25000,2719782
11/07/12,00:00,34.17000,34.79500,34.13000,34.60000,3496572
12/07/12,00:00,34.33000,34.56000,33.95000,34.05000,3506394
13/07/12,00:00,35.06000,36.19000,34.87000,36.05000,6974380
16/07/12,00:00,35.72000,35.82500,34.73000,35.08000,3856687
17/07/12,00:00,35.44000,35.48000,34.27500,34.98000,3721991
18/07/12,00:00,34.74000,35.23000,34.70000,34.97000,2531281
19/07/12,00:00,35.01000,35.16000,34.31000,34.45500,3107685
20/07/12,00:00,34.05000,34.12500,33.90000,33.90000,2892236
23/07/12,00:00,33.25000,34.50000,33.11000,34.44000,3617116
24/07/12,00:00,34.58000,34.89000,34.22000,34.73000,2590526
25/07/12,00:00,34.98000,35.44000,34.87000,35.17000,2306239
26/07/12,00:00,35.78000,35.94000,35.35000,35.80000,2075152
27/07/12,00:00,36.01000,37.20000,35.52000,36.89000,4994185
30/07/12,00:00,36.50000,36.50000,35.94000,36.12000,2348267
31/07/12,00:00,36.08000,36.32000,35.93000,36.00000,1393595
01/08/12,00:00,36.19500,36.40000,35.82000,36.01000,1969515
02/08/12,00:00,35.57000,35.84000,34.76000,35.16000,3229729
03/08/12,00:00,35.80000,36.29000,35.50000,36.08500,2091087
06/08/12,00:00,36.30000,36.79000,36.11000,36.30000,1443405
07/08/12,00:00,36.64000,37.86000,36.64000,37.00000,3264980
08/08/12,00:00,36.84000,37.48000,36.75000,37.15000,1828984
09/08/12,00:00,36.68000,37.26000,36.60000,36.92000,1961310
10/08/12,00:00,36.75000,37.00000,36.40000,36.96000,1237301
14/08/12,00:00,37.42000,37.64000,36.98000,37.10000,1695649
15/08/12,00:00,37.08000,37.41000,36.95000,37.10000,1583208
16/08/12,00:00,37.19000,37.34000,36.80000,37.09000,1357107
17/08/12,00:00,37.19000,37.19000,36.81000,36.98000,1368382
20/08/12,00:00,36.90000,37.49000,36.80500,37.38000,1366278
21/08/12,00:00,37.65000,38.85000,37.56000,38.03000,3801706
22/08/12,00:00,37.88000,38.18000,37.57000,37.83000,1426700
23/08/12,00:00,37.85000,37.88000,37.20000,37.25000,1459631
24/08/12,00:00,36.94000,37.44000,36.67500,37.18000,1849247
27/08/12,00:00,37.30000,37.44000,36.91000,37.23000,1598204
28/08/12,00:00,37.10000,37.49000,36.91000,37.13000,1682105
29/08/12,00:00,37.26000,37.48500,37.07000,37.30000,1128094
30/08/12,00:00,37.05000,37.12000,36.72000,36.91000,1150648
31/08/12,00:00,37.12000,37.39000,36.87000,37.14000,1749685
04/09/12,00:00,37.00000,37.23000,36.78000,37.00000,1208551
05/09/12,00:00,37.04000,37.28000,36.94500,37.11000,1484498
06/09/12,00:00,37.58000,38.87000,37.51000,38.69000,4167507
07/09/12,00:00,39.02000,39.53000,39.00000,39.30000,2581789
10/09/12,00:00,39.23000,39.78000,38.73000,38.76000,1837202
11/09/12,00:00,38.80000,39.62500,38.73000,39.60000,2069739
12/09/12,00:00,39.90000,40.25000,39.79000,39.92000,2523294
13/09/12,00:00,39.87000,41.58000,39.60000,41.40000,4353126
14/09/12,00:00,41.97000,42.07000,41.24000,41.55000,3761259
17/09/12,00:00,40.95000,41.43000,40.95000,41.21000,1636319
18/09/12,00:00,41.11000,41.33000,40.66000,41.25000,2185322
19/09/12,00:00,41.39000,41.76000,41.05000,41.35000,2204091
20/09/12,00:00,40.95000,41.28000,40.55000,41.25000,2048064
21/09/12,00:00,41.67000,41.67000,40.77000,40.87000,1684121
24/09/12,00:00,40.61000,41.46000,40.61000,41.24000,1855692
25/09/12,00:00,41.45000,41.47000,40.54000,40.57000,1792681
26/09/12,00:00,40.20000,40.62500,39.89500,40.26000,2239533
27/09/12,00:00,40.47000,40.99000,40.21000,40.67000,1547278
28/09/12,00:00,40.41000,40.63000,40.16000,40.47000,1858824
01/10/12,00:00,40.85000,41.49000,40.81000,40.98000,1936676
02/10/12,00:00,41.13000,41.24000,40.56000,40.91000,2346844
03/10/12,00:00,40.82000,41.00000,40.42000,40.86000,2045333
04/10/12,00:00,41.18000,41.97000,40.92000,41.83000,2455536
05/10/12,00:00,42.04000,42.44000,41.47000,41.70000,2220819
08/10/12,00:00,41.34000,41.84000,41.12000,41.66000,1536144
09/10/12,00:00,41.75000,41.94000,41.30000,41.39000,1927387
10/10/12,00:00,41.54000,42.00000,41.33000,41.78000,2306692
11/10/12,00:00,42.35000,42.63000,41.86000,42.09000,2632398
12/10/12,00:00,41.60000,42.42000,41.16000,41.61000,3554277
15/10/12,00:00,41.91000,42.41000,41.74000,42.36500,2329421
16/10/12,00:00,42.75000,43.11000,42.28000,42.83000,2471782
17/10/12,00:00,42.93000,43.54000,42.78000,43.32000,2399632
18/10/12,00:00,43.12000,43.34000,42.75000,43.01000,2237367
19/10/12,00:00,42.78000,42.80000,42.06000,42.30000,3328535
22/10/12,00:00,42.26000,42.51000,41.50000,42.07000,2563513
23/10/12,00:00,41.50000,41.73000,41.05000,41.25000,1728338
24/10/12,00:00,41.67000,41.87000,41.34000,41.74000,1907010
25/10/12,00:00,42.28000,42.28000,41.41000,41.67000,2008449
26/10/12,00:00,41.43500,41.66000,40.88000,41.15000,2316259
31/10/12,00:00,41.27000,41.78000,41.17000,41.66000,1829387
01/11/12,00:00,41.74000,42.90000,41.60000,42.83000,2178058
02/11/12,00:00,43.01000,43.04000,42.33500,42.43000,1743932
05/11/12,00:00,42.32000,42.35500,41.86000,42.27000,1389744
06/11/12,00:00,42.56000,43.05000,42.42000,42.87000,1689368
07/11/12,00:00,41.96000,41.99000,40.31000,40.47000,5330557
08/11/12,00:00,41.28000,41.50000,40.40500,40.41000,2963619
09/11/12,00:00,40.34000,41.23000,39.88000,40.62000,3445576
12/11/12,00:00,40.85000,40.90000,40.41000,40.58000,1253204
13/11/12,00:00,40.21000,40.52000,40.01000,40.03000,2460024
14/11/12,00:00,40.20000,40.37000,39.13000,39.29000,2838273
15/11/12,00:00,39.08000,39.72000,39.00000,39.39000,1835711
16/11/12,00:00,39.42000,39.66500,38.83000,39.53000,2822018
19/11/12,00:00,40.11000,40.70000,40.10000,40.58000,1886527
20/11/12,00:00,40.26000,41.18000,40.26000,40.71000,1480300
21/11/12,00:00,40.93000,40.93000,40.35000,40.73000,1356093
23/11/12,00:00,41.08000,41.21500,40.97000,41.07000,797485
26/11/12,00:00,40.74000,40.88000,40.10000,40.87500,2289805
27/11/12,00:00,40.93000,41.19500,40.64000,40.78000,1867999
28/11/12,00:00,40.53000,40.88000,39.88000,40.84000,2286757
29/11/12,00:00,41.12000,41.35000,40.92000,41.21500,1854561
30/11/12,00:00,41.09000,41.33500,40.85000,41.03000,1633687
03/12/12,00:00,41.27000,41.37000,40.75000,40.82000,1713064
04/12/12,00:00,40.83000,40.92000,40.20000,40.56000,2414476
05/12/12,00:00,40.74000,41.48500,40.51000,41.20000,2900187
06/12/12,00:00,41.25000,41.54000,41.12000,41.47000,2086591
07/12/12,00:00,41.83000,42.57000,41.74000,42.57000,3026210
10/12/12,00:00,42.53000,42.67000,42.02000,42.31000,2055196
11/12/12,00:00,42.59000,43.08000,42.42000,42.62000,2074440
12/12/12,00:00,42.98000,43.37500,42.70500,42.77000,2553355
13/12/12,00:00,42.69000,42.91500,42.50000,42.79000,1630588
14/12/12,00:00,42.83000,43.10500,42.72000,42.81000,1442139
17/12/12,00:00,43.00000,43.51000,42.81500,43.50000,2106947
18/12/12,00:00,43.83000,43.93000,43.31500,43.87000,2551783
19/12/12,00:00,44.03000,44.38000,43.42000,43.51000,3143431
20/12/12,00:00,43.70000,44.54000,43.41000,44.53000,2350702
21/12/12,00:00,43.83000,44.20000,43.44000,44.01000,2481324
24/12/12,00:00,43.87000,44.02000,43.71000,43.90000,604686
26/12/12,00:00,43.94000,44.18000,43.72000,43.96500,1239122
27/12/12,00:00,43.99000,44.01000,42.91000,43.62000,2194380
28/12/12,00:00,43.10000,43.69000,43.10000,43.24000,1725227
31/12/12,00:00,43.09000,44.00000,43.05000,43.99000,2430445
02/01/13,00:00,44.98000,44.99000,44.23000,44.61000,2997365
03/01/13,00:00,44.75000,44.75000,44.21000,44.59000,2258944
04/01/13,00:00,44.50000,45.42500,44.45000,45.33000,2487730
07/01/13,00:00,45.14000,45.48000,45.02000,45.42000,2657134
08/01/13,00:00,45.39000,45.50000,44.97000,45.48000,1995556
09/01/13,00:00,45.56000,46.19500,45.14000,45.46000,2529596
10/01/13,00:00,45.89000,46.16000,45.54000,46.15000,2810730
11/01/13,00:00,45.97000,46.15000,45.47000,46.13500,2318417
14/01/13,00:00,45.96000,46.17000,45.48000,45.89000,2029305
15/01/13,00:00,45.48500,46.46000,45.35000,46.35000,2840843
16/01/13,00:00,45.91000,46.81000,45.57000,46.81000,3415292
17/01/13,00:00,46.39000,46.86500,46.29500,46.44000,3315790
18/01/13,00:00,46.38000,46.60000,46.19000,46.43000,2343005
22/01/13,00:00,46.24000,46.45000,46.14000,46.29000,389094
23/01/13,00:00,46.20000,46.44000,45.93000,46.22000,1750166
24/01/13,00:00,46.30000,46.80000,46.09000,46.37500,2047971
25/01/13,00:00,46.78000,47.13000,46.61000,47.13000,2079190
28/01/13,00:00,46.73000,46.81000,46.50500,46.72000,362063
29/01/13,00:00,46.29000,47.16000,46.28000,47.14000,1688919
30/01/13,00:00,47.02000,47.34000,46.97000,47.13500,1821727
31/01/13,00:00,47.00000,47.22000,46.88000,47.07000,1405457
01/02/13,00:00,47.40000,47.99500,47.22000,47.84000,1597658
04/02/13,00:00,47.49000,47.81000,47.38000,47.70000,1453930
05/02/13,00:00,47.94000,48.79000,47.93000,48.79000,2063556
06/02/13,00:00,48.42000,48.83000,48.34000,48.60000,2103098
07/02/13,00:00,48.66000,48.74000,47.90000,48.20500,2595992
08/02/13,00:00,48.33000,48.68500,48.26000,48.61000,1465743
11/02/13,00:00,48.54000,48.90000,48.38000,48.67000,1267002
12/02/13,00:00,48.78000,49.31000,48.60000,49.15000,1389737
13/02/13,00:00,49.35000,49.42000,48.51000,48.68000,1963080
14/02/13,00:00,48.40000,49.28000,48.38000,49.23000,1473328
15/02/13,00:00,49.39000,49.45000,48.57000,48.86000,1881257
19/02/13,00:00,49.21000,49.68000,49.18000,49.45500,1713653
20/02/13,00:00,49.39000,49.54000,48.37000,48.57000,2633811
21/02/13,00:00,48.40000,48.44500,47.83000,48.24000,2432541
22/02/13,00:00,48.63000,48.91000,48.42000,48.90000,2796780
25/02/13,00:00,49.10000,49.19000,47.65500,47.69000,3729466
26/02/13,00:00,48.17000,48.26000,46.85000,47.61000,4441173
27/02/13,00:00,47.82000,49.40000,47.78000,49.26000,3023377
28/02/13,00:00,49.16000,49.54000,48.76000,48.92500,1659339
01/03/13,00:00,48.60000,49.42000,48.37000,48.92000,2675809
04/03/13,00:00,48.73000,49.14000,48.34000,49.10000,1454169
05/03/13,00:00,49.49000,50.08000,49.34000,49.50000,2187250
06/03/13,00:00,49.88000,50.18500,49.63000,50.01000,1518785
07/03/13,00:00,50.05000,50.85000,50.02000,50.64000,1966839
08/03/13,00:00,50.70000,50.83500,49.62000,50.16000,2362887
11/03/13,00:00,50.28000,50.77000,49.91000,50.48000,1334974
12/03/13,00:00,50.34000,50.67000,50.05500,50.29000,1215513
13/03/13,00:00,50.31000,50.43000,50.11500,50.16000,1003502
14/03/13,00:00,50.24000,51.00000,50.19000,50.97000,1607769
15/03/13,00:00,49.97000,50.28000,49.15000,49.99000,4000548
18/03/13,00:00,49.26000,49.65500,48.96000,49.52500,1855799
19/03/13,00:00,49.65000,49.98000,48.68000,49.20000,2088719
20/03/13,00:00,49.59000,49.63000,49.05000,49.12000,1265263
21/03/13,00:00,48.81000,49.22000,48.35000,48.35000,1605985
22/03/13,00:00,48.64500,49.00000,48.34000,48.78000,1309287
25/03/13,00:00,49.05000,49.32000,48.17000,48.52000,1557242
26/03/13,00:00,48.77000,48.96000,48.32000,48.64000,1200098
27/03/13,00:00,48.20000,48.30500,47.56000,47.78000,1866767
28/03/13,00:00,47.82000,47.91000,47.29000,47.44000,1719459
01/04/13,00:00,47.52000,47.98000,47.50000,47.84500,1259215
02/04/13,00:00,48.02000,48.37000,47.88000,48.27000,1505347
03/04/13,00:00,48.02000,48.06000,46.54000,46.88000,2442332
04/04/13,00:00,46.96000,47.53000,46.91000,47.49000,1987502
05/04/13,00:00,46.77000,48.03000,46.75000,47.90000,1880013
08/04/13,00:00,47.93000,48.59000,47.59000,48.57500,1379321
09/04/13,00:00,48.74000,48.93000,48.46000,48.70000,1518919
10/04/13,00:00,48.92000,49.55000,48.92000,49.25500,1486856
11/04/13,00:00,49.21000,49.59500,48.83000,49.34000,1553078
12/04/13,00:00,48.90000,49.57000,48.46000,49.00500,2324342
15/04/13,00:00,48.39000,49.33000,47.90000,47.90000,2462053
16/04/13,00:00,48.45000,48.48000,47.59000,48.48000,1838132
17/04/13,00:00,48.11000,48.15000,46.39000,46.78000,3679139
18/04/13,00:00,46.79000,47.33000,46.06000,46.65000,2878065
19/04/13,00:00,47.03000,47.36000,46.70000,47.23000,1506063
22/04/13,00:00,47.40000,47.48500,46.87000,47.35500,1201464
23/04/13,00:00,47.60000,48.23000,47.39000,48.16500,1956549
24/04/13,00:00,48.37000,48.92000,48.17000,48.72000,1412782
25/04/13,00:00,49.02000,49.62500,48.89000,49.01000,1516726
26/04/13,00:00,48.86000,49.08000,48.61500,48.86000,927347
29/04/13,00:00,49.08000,49.09000,48.65000,48.91500,829550
30/04/13,00:00,48.97000,49.24000,48.73000,48.99000,831076
01/05/13,00:00,48.79000,48.89000,47.85000,48.00500,1069326
02/05/13,00:00,48.14000,48.23000,47.73000,48.10500,1029135
03/05/13,00:00,48.60000,48.69000,46.99000,47.57000,2447246
06/05/13,00:00,47.71000,48.39000,47.57000,48.18000,1531227
07/05/13,00:00,48.58000,49.39000,48.26000,49.14500,1488623
08/05/13,00:00,49.16000,49.99000,49.11000,49.77000,1676929
09/05/13,00:00,49.69000,49.80500,48.93000,49.05000,1433882
10/05/13,00:00,49.03000,49.19000,48.65000,48.94000,1063857
13/05/13,00:00,48.79000,49.70000,48.61000,49.67000,1712851
14/05/13,00:00,49.78000,50.42000,49.66000,50.24000,1514074
15/05/13,00:00,50.20000,51.42000,50.15000,51.07000,1956487
16/05/13,00:00,50.88000,51.65000,50.85000,50.96000,2041150
17/05/13,00:00,51.29000,52.32500,51.26500,52.30000,1800117
20/05/13,00:00,52.12000,52.62000,51.96500,52.29500,1385565
21/05/13,00:00,52.53000,53.49000,52.46000,53.09000,1128435
22/05/13,00:00,53.53000,54.96000,53.30000,53.64000,4002657
23/05/13,00:00,52.90000,53.78000,52.69000,53.35000,1807025
24/05/13,00:00,52.89000,53.66000,52.73000,53.65000,1429681
28/05/13,00:00,54.57000,54.64000,54.03000,54.61000,2115188
29/05/13,00:00,54.09000,54.96000,53.93000,54.68000,1931077
30/05/13,00:00,54.55000,55.90000,54.54000,55.63000,2164182
31/05/13,00:00,55.66000,55.82000,54.60000,54.61000,2022887
03/06/13,00:00,54.66000,54.86000,53.03500,54.49000,2404622
04/06/13,00:00,54.54000,55.38000,53.88000,54.02000,1875420
05/06/13,00:00,53.78000,54.26000,52.70000,53.03000,1713839
06/06/13,00:00,52.84000,53.51500,52.27000,53.51000,1691439
07/06/13,00:00,53.65000,54.47000,53.41000,54.27000,1591566
10/06/13,00:00,54.59000,54.81000,54.03000,54.37000,1038515
11/06/13,00:00,53.59000,54.05000,53.12000,53.51000,1391985
12/06/13,00:00,53.92000,54.10000,52.97000,53.18000,1536809
13/06/13,00:00,53.01000,54.24000,52.98000,54.16000,1481530
14/06/13,00:00,54.04000,54.10000,52.91500,53.12000,1444805
17/06/13,00:00,53.70000,54.25000,53.55000,53.87000,1262161
18/06/13,00:00,53.97000,54.27000,53.72000,54.10000,896589
19/06/13,00:00,54.06000,54.50000,53.53000,53.55000,1807891
20/06/13,00:00,53.08000,53.18000,52.27000,52.48000,2636623
21/06/13,00:00,52.90000,52.98000,51.70000,52.02000,3221628
24/06/13,00:00,50.92000,51.45000,50.11000,50.93000,2537028
25/06/13,00:00,51.55000,52.46000,51.51500,52.08000,1195182
26/06/13,00:00,52.65000,52.80000,51.88000,52.50000,1200386
27/06/13,00:00,53.06000,53.49000,52.89000,53.23500,612678
28/06/13,00:00,53.12000,53.12000,52.59000,52.78000,1158131
01/07/13,00:00,53.22000,53.63000,52.43500,52.49000,1319621
02/07/13,00:00,52.53000,53.53000,52.21000,52.83000,1531390
03/07/13,00:00,52.28000,52.80000,52.21000,52.79000,583166
05/07/13,00:00,53.36000,54.00000,53.19000,53.98000,882184
08/07/13,00:00,54.55000,54.91000,54.06000,54.70000,1690697
09/07/13,00:00,55.09000,55.17000,54.20000,54.88000,1583715
10/07/13,00:00,54.79000,55.15000,54.45000,54.84000,1114890
11/07/13,00:00,55.79000,55.87000,54.55500,55.15000,1305277
12/07/13,00:00,55.54000,55.84000,54.75500,54.94000,1845453
15/07/13,00:00,55.49000,55.49000,54.61000,54.91000,1982885
16/07/13,00:00,54.90000,55.41000,54.79000,55.02000,1414488
17/07/13,00:00,55.07000,55.57000,54.85000,55.26000,1367178
18/07/13,00:00,55.54000,56.53000,55.51000,56.36000,1870884
19/07/13,00:00,56.51000,56.55500,55.91000,56.16000,1404061
22/07/13,00:00,56.17000,56.66500,55.96000,56.56000,946047
23/07/13,00:00,56.73000,56.89000,56.47500,56.67000,841814
24/07/13,00:00,56.89000,56.93000,56.39000,56.62500,1215868
25/07/13,00:00,56.40000,56.50000,55.90000,56.49000,1016379
26/07/13,00:00,56.06000,56.21000,55.60000,56.04000,997299
29/07/13,00:00,55.98000,55.99000,55.38000,55.70000,601654
30/07/13,00:00,55.86000,55.97000,55.08500,55.34000,936464
31/07/13,00:00,55.59000,56.26000,55.51500,55.74000,1207573
01/08/13,00:00,56.35000,56.77000,56.21000,56.53000,1064801
02/08/13,00:00,56.35000,56.52000,56.01000,56.47000,855792
05/08/13,00:00,56.33000,56.58000,56.01000,56.10000,612667
06/08/13,00:00,55.95000,56.06000,55.31000,55.48000,418067
07/08/13,00:00,55.01000,55.47000,54.78000,55.31000,960937
08/08/13,00:00,55.48000,55.72000,54.13000,54.81000,1578522
09/08/13,00:00,54.70000,55.15000,54.33000,54.52000,848595
12/08/13,00:00,54.04000,54.31000,53.69000,54.09000,900699
13/08/13,00:00,54.18000,54.69000,53.60000,54.30000,1432962
14/08/13,00:00,54.29000,54.84000,54.00000,54.14000,1336714
15/08/13,00:00,53.52000,53.68000,52.90000,53.28000,1569120
16/08/13,00:00,53.13000,53.77500,53.11000,53.29000,1093255
19/08/13,00:00,52.89000,52.95000,51.80000,51.83000,1491787
20/08/13,00:00,51.78000,52.36000,51.44000,52.12000,1601044
21/08/13,00:00,51.92000,52.20000,51.29000,51.64000,1241616
22/08/13,00:00,51.97000,52.66000,51.93000,52.22000,1360356
23/08/13,00:00,52.30000,52.42000,51.91000,52.33000,879853
26/08/13,00:00,52.16000,52.54000,51.80000,51.80000,758253
27/08/13,00:00,51.02000,51.54000,50.55000,50.59000,2026567
28/08/13,00:00,50.33000,51.05000,50.14000,50.59000,1604953
29/08/13,00:00,50.59000,51.18000,50.48000,50.70000,1016595
30/08/13,00:00,50.82000,50.83000,50.29000,50.50000,1491847
03/09/13,00:00,51.25000,51.72000,50.84000,51.12000,1530318
04/09/13,00:00,51.11000,52.10000,50.94000,51.87000,1654604
05/09/13,00:00,52.03000,52.51000,51.91000,52.12000,1057124
06/09/13,00:00,52.41000,52.71000,51.28000,52.55000,1891792
09/09/13,00:00,52.78000,53.19000,52.53000,52.84000,1556977
10/09/13,00:00,53.84000,53.92000,53.30500,53.67000,1707777
11/09/13,00:00,53.37000,53.76000,53.06000,53.26000,1681970
12/09/13,00:00,53.51000,53.69000,52.08500,52.24000,1440013
13/09/13,00:00,52.29000,52.79500,52.24000,52.60000,893592
16/09/13,00:00,53.44000,53.47000,52.98000,53.16000,1254666
17/09/13,00:00,53.19000,53.32000,52.88000,53.08000,1126041
18/09/13,00:00,52.69000,53.87000,52.57000,53.41000,1634334
19/09/13,00:00,53.65500,53.72000,52.53000,52.75000,1824551
20/09/13,00:00,52.92000,53.46000,52.83000,52.87500,1920559
23/09/13,00:00,52.08000,52.32000,51.39000,51.44500,2238864
24/09/13,00:00,51.01000,51.27000,50.30500,50.34000,2076284
25/09/13,00:00,50.28000,51.89000,50.06500,51.70000,3213287
26/09/13,00:00,51.95000,52.55000,51.55000,51.89000,1493281
27/09/13,00:00,51.46000,52.39000,51.40000,52.24000,2115049
30/09/13,00:00,51.64000,52.09000,51.44000,51.69000,1942172
01/10/13,00:00,51.65000,52.08500,51.46000,51.95000,1603201
02/10/13,00:00,51.32000,52.44500,51.31000,52.01000,1770718
03/10/13,00:00,52.00000,52.20000,51.50000,51.92000,1598694
04/10/13,00:00,52.04000,52.68000,52.01000,52.65000,1104683
07/10/13,00:00,52.29000,52.35000,51.84000,51.84000,1434349
08/10/13,00:00,51.85000,51.95000,50.84000,50.89000,2004832
09/10/13,00:00,51.13000,51.34000,50.25500,50.77000,2443000
10/10/13,00:00,51.83000,52.55000,51.38000,52.45000,2400110
11/10/13,00:00,52.96000,53.35000,52.16000,52.52000,2590033
14/10/13,00:00,51.93000,52.83000,51.76000,52.72000,1508056
15/10/13,00:00,52.91000,53.03500,52.18000,52.31500,1522154
16/10/13,00:00,52.61000,54.05000,52.60000,53.99000,2106123
17/10/13,00:00,53.78000,54.29000,53.61000,54.20500,1644443
18/10/13,00:00,54.26000,54.57000,53.80000,54.31000,2236720
21/10/13,00:00,54.27000,54.84000,53.90000,54.25000,1611958
22/10/13,00:00,54.62000,54.68000,53.73500,53.80000,1602737
23/10/13,00:00,53.28000,53.34000,52.72500,52.75000,1966971
24/10/13,00:00,52.84000,52.87000,52.12000,52.48000,1308534
25/10/13,00:00,52.17000,52.91000,52.08000,52.78000,1473607
28/10/13,00:00,52.85000,53.09000,52.51000,52.69000,1395808
29/10/13,00:00,52.82000,52.99000,52.25000,52.74000,1744137
30/10/13,00:00,53.02000,53.23000,52.50000,52.61000,1606106
31/10/13,00:00,52.64000,52.71000,51.55000,51.55000,2281208
01/11/13,00:00,51.47000,52.70000,51.31000,52.52000,2582346
04/11/13,00:00,52.73000,52.73000,52.00000,52.05000,1311729
05/11/13,00:00,51.88000,52.13000,51.66000,51.95000,1174346
06/11/13,00:00,52.28000,52.28000,51.84000,52.09000,1540998
07/11/13,00:00,52.24000,52.34000,51.58500,51.66000,1410747
08/11/13,00:00,51.83000,53.55000,51.80000,53.54000,1630011
11/11/13,00:00,53.91000,54.14500,53.71000,54.11000,941026
12/11/13,00:00,53.93000,54.07000,53.60500,53.99500,1367522
13/11/13,00:00,53.52000,54.20000,53.15000,54.13000,1717005
14/11/13,00:00,54.25000,54.50000,53.70000,54.39500,1693878
15/11/13,00:00,54.23000,54.95000,54.19000,54.87000,1469639
18/11/13,00:00,55.49000,56.00000,55.30500,55.74000,1833209
19/11/13,00:00,55.95000,56.64000,55.78000,56.16000,1913262
20/11/13,00:00,56.38500,56.40000,55.78000,56.11000,1498091
21/11/13,00:00,56.33000,57.39500,56.29000,57.22500,1962396
22/11/13,00:00,57.25000,57.52000,57.07000,57.43000,1473766
25/11/13,00:00,57.52000,58.13000,57.41000,57.64000,1728896
26/11/13,00:00,57.63000,57.96000,57.23000,57.34500,923046
27/11/13,00:00,57.58000,57.83000,57.34000,57.48000,1073651
29/11/13,00:00,57.57000,57.85000,57.20000,57.22000,673904
02/12/13,00:00,57.13000,57.74500,56.90500,57.00000,1221051
02/12/13,00:00,57.13000,57.74500,56.90500,57.00000,1221051
03/12/13,00:00,56.85000,57.22000,56.14000,56.85500,1867663
04/12/13,00:00,56.37000,57.46500,56.22000,57.24000,1593668
05/12/13,00:00,56.71000,56.73000,55.75500,55.82000,1478863
06/12/13,00:00,56.57000,56.74000,55.62000,56.06000,1587453
09/12/13,00:00,56.30000,56.52000,56.09000,56.52000,867638
10/12/13,00:00,56.49500,57.06500,56.38000,56.70000,1262593
11/12/13,00:00,56.62000,56.73000,55.96000,56.07000,1518864
12/12/13,00:00,56.06000,56.60000,55.92000,56.31000,1332786
13/12/13,00:00,56.45000,56.55000,56.04000,56.16000,1279166
16/12/13,00:00,56.34000,56.93000,56.34000,56.45000,1628342
17/12/13,00:00,56.66000,56.66000,55.67000,55.72000,1342368
18/12/13,00:00,55.72000,57.27000,55.43000,57.25000,2599008
19/12/13,00:00,57.07500,57.53500,56.84000,57.23000,1294138
20/12/13,00:00,57.21000,57.99500,57.21000,57.76000,1347243
23/12/13,00:00,57.88000,58.38000,57.81000,58.24000,823741
24/12/13,00:00,58.08000,58.29000,58.05000,58.25000,356043
26/12/13,00:00,58.35000,58.44500,57.92000,58.20000,529057
27/12/13,00:00,58.18000,58.35000,58.07000,58.14000,533467
30/12/13,00:00,58.14000,58.25500,57.71000,57.95000,659686
31/12/13,00:00,58.18000,58.54500,58.06500,58.48000,829619
