<TICKER>,<PER>,<DATE>,<TIME>,<OPEN>,<HIGH>,<LOW>,<CLOSE>,<VOL>
LKOH,D,20140106,000000,2017.9000000,2023.0000000,1990.2000000,1990.2000000,795577
LKOH,D,20140108,000000,1994.5000000,1994.5000000,1953.4000000,1959.1000000,664794
LKOH,D,20140109,000000,1961.1000000,1979.9000000,1952.3000000,1979.1000000,1207032
LKOH,D,20140110,000000,1975.0000000,1998.0000000,1965.4000000,1991.6000000,1081065
LKOH,D,20140113,000000,1986.3000000,2016.5000000,1981.0000000,2001.1000000,1092407
LKOH,D,20140114,000000,1987.7000000,1993.7000000,1965.3000000,1980.0000000,1232510
LKOH,D,20140115,000000,1986.0000000,2000.2000000,1981.0000000,1999.9000000,1096345
LKOH,D,20140116,000000,1998.1000000,1998.6000000,1976.5000000,1979.6000000,921555
LKOH,D,20140117,000000,1979.0000000,2001.0000000,1972.6000000,1978.4000000,917708
LKOH,D,20140120,000000,1980.0000000,1999.0000000,1970.7000000,1998.5000000,760396
LKOH,D,20140121,000000,2000.9000000,2007.6000000,1996.0000000,2000.5000000,863095
LKOH,D,20140122,000000,2000.2000000,2005.5000000,1990.5000000,2001.4000000,1064471
LKOH,D,20140123,000000,1999.8000000,2015.9000000,1976.4000000,1978.1000000,1112754
LKOH,D,20140124,000000,1970.0000000,1979.3000000,1954.0000000,1956.9000000,2463981
LKOH,D,20140127,000000,1950.0000000,1982.3000000,1946.0000000,1961.9000000,1853324
LKOH,D,20140128,000000,1961.2000000,1988.0000000,1957.0000000,1973.3000000,1378117
LKOH,D,20140129,000000,1984.0000000,2001.7000000,1951.0000000,1960.0000000,1963314
LKOH,D,20140130,000000,1965.7000000,2001.0000000,1962.3000000,1997.9000000,2087114
LKOH,D,20140131,000000,1997.4000000,2009.0000000,1981.0000000,1989.0000000,1447593
LKOH,D,20140203,000000,1994.0000000,2007.5000000,1966.4000000,1966.8000000,1151780
LKOH,D,20140204,000000,1962.0000000,1983.5000000,1957.2000000,1970.1000000,1064398
LKOH,D,20140205,000000,1972.1000000,1979.7000000,1960.5000000,1965.0000000,1007766
LKOH,D,20140206,000000,1972.0000000,1974.9000000,1960.7000000,1969.1000000,972604
LKOH,D,20140207,000000,1977.9000000,1992.4000000,1966.5000000,1975.1000000,1143351
LKOH,D,20140210,000000,1977.8000000,1997.1000000,1973.4000000,1988.1000000,730291
LKOH,D,20140211,000000,1990.2000000,2018.3000000,1981.4000000,2015.5000000,1134267
LKOH,D,20140212,000000,2024.2000000,2038.0000000,2013.6000000,2028.2000000,718658
LKOH,D,20140213,000000,2021.8000000,2032.5000000,2014.0000000,2023.0000000,1171825
LKOH,D,20140214,000000,2031.0000000,2043.7000000,2021.1000000,2039.3000000,1330806
LKOH,D,20140217,000000,2039.9000000,2067.6000000,2039.9000000,2049.0000000,980329
LKOH,D,20140218,000000,2050.0000000,2063.4000000,2030.4000000,2040.7000000,1307105
LKOH,D,20140219,000000,2039.0000000,2052.7000000,1997.7000000,2029.1000000,2916889
LKOH,D,20140220,000000,2017.0000000,2043.8000000,2001.1000000,2042.0000000,1882714
LKOH,D,20140221,000000,2046.0000000,2055.0000000,2030.0000000,2030.9000000,726129
LKOH,D,20140224,000000,2030.6000000,2037.8000000,2015.6000000,2030.3000000,450101
LKOH,D,20140225,000000,2032.1000000,2036.9000000,2000.2000000,2010.9000000,789819
LKOH,D,20140226,000000,2012.8000000,2023.5000000,2000.0000000,2009.0000000,903821
LKOH,D,20140227,000000,2010.0000000,2020.0000000,1962.9000000,2002.0000000,1343580
LKOH,D,20140228,000000,1999.0000000,2025.9000000,1963.0000000,1963.0000000,2877667
LKOH,D,20140303,000000,1932.0000000,1939.9000000,1715.0000000,1817.2000000,5305872
LKOH,D,20140304,000000,1840.0000000,1933.2000000,1836.4000000,1899.7000000,3779345
LKOH,D,20140305,000000,1911.0000000,1939.9000000,1871.0000000,1920.0000000,2086298
LKOH,D,20140306,000000,1922.0000000,1939.8000000,1826.2000000,1890.0000000,3268756
LKOH,D,20140307,000000,1885.0000000,1970.3000000,1871.0000000,1959.5000000,2366320
LKOH,D,20140311,000000,1949.0000000,1968.9000000,1934.0000000,1938.4000000,1733760
LKOH,D,20140312,000000,1922.2000000,1934.0000000,1881.5000000,1888.5000000,2437820
LKOH,D,20140313,000000,1910.0000000,1918.9000000,1831.0000000,1842.0000000,2196881
LKOH,D,20140314,000000,1819.9000000,1882.4000000,1762.6000000,1882.0000000,3731843
LKOH,D,20140317,000000,1885.9000000,1929.0000000,1843.0000000,1897.1000000,4800577
LKOH,D,20140318,000000,1900.0000000,1919.5000000,1853.0000000,1914.7000000,2267943
LKOH,D,20140319,000000,1911.0000000,1936.9000000,1872.3000000,1886.0000000,1741514
LKOH,D,20140320,000000,1872.1000000,1902.4000000,1862.6000000,1892.0000000,1228082
LKOH,D,20140321,000000,1849.4000000,1925.4000000,1821.0000000,1910.0000000,2730999
LKOH,D,20140324,000000,1905.0000000,1945.0000000,1863.8000000,1869.4000000,1349016
LKOH,D,20140325,000000,1875.1000000,1904.9000000,1853.6000000,1879.5000000,1476517
LKOH,D,20140326,000000,1885.0000000,1935.0000000,1881.1000000,1920.0000000,1346885
LKOH,D,20140327,000000,1914.0000000,1919.0000000,1881.4000000,1909.0000000,1018719
LKOH,D,20140328,000000,1917.7000000,1928.4000000,1900.4000000,1906.0000000,1145971
LKOH,D,20140331,000000,1919.4000000,1961.9000000,1900.0000000,1960.0000000,1275926
LKOH,D,20140401,000000,1955.1000000,1973.5000000,1943.3000000,1965.6000000,1362536
LKOH,D,20140402,000000,1959.9000000,1969.9000000,1923.9000000,1954.0000000,991073
LKOH,D,20140403,000000,1956.0000000,1964.9000000,1940.2000000,1954.0000000,812683
LKOH,D,20140404,000000,1958.4000000,1982.0000000,1938.0000000,1966.0000000,1020965
LKOH,D,20140407,000000,1949.1000000,1954.8000000,1901.1000000,1920.0000000,1676570
LKOH,D,20140408,000000,1917.5000000,1937.7000000,1894.6000000,1920.0000000,1648302
LKOH,D,20140409,000000,1923.7000000,1926.4000000,1888.8000000,1900.0000000,1384651
LKOH,D,20140410,000000,1906.5000000,1915.2000000,1890.1000000,1914.3000000,1666819
LKOH,D,20140411,000000,1898.1000000,1922.9000000,1883.2000000,1898.1000000,1271484
LKOH,D,20140414,000000,1894.5000000,1902.7000000,1873.3000000,1880.0000000,1281127
LKOH,D,20140415,000000,1878.5000000,1885.3000000,1843.3000000,1850.0000000,1020268
LKOH,D,20140416,000000,1856.3000000,1876.7000000,1833.0000000,1865.0000000,1361268
LKOH,D,20140417,000000,1873.0000000,1883.0000000,1841.0000000,1872.0000000,882890
LKOH,D,20140418,000000,1900.0000000,1923.0000000,1895.0000000,1899.9000000,809051
LKOH,D,20140421,000000,1904.7000000,1923.0000000,1881.0000000,1889.0000000,766604
LKOH,D,20140422,000000,1890.0000000,1890.5000000,1862.6000000,1873.4000000,878872
LKOH,D,20140423,000000,1875.2000000,1882.9000000,1863.3000000,1880.1000000,691980
LKOH,D,20140424,000000,1884.7000000,1895.5000000,1842.3000000,1856.7000000,1449787
LKOH,D,20140425,000000,1851.1000000,1866.5000000,1828.2000000,1838.0000000,1478511
LKOH,D,20140428,000000,1830.0000000,1876.0000000,1815.6000000,1865.0000000,1183095
LKOH,D,20140429,000000,1884.7000000,1899.9000000,1871.0000000,1889.3000000,1066021
LKOH,D,20140430,000000,1895.0000000,1895.0000000,1860.5000000,1880.1000000,730245
LKOH,D,20140502,000000,1864.5000000,1889.9000000,1862.5000000,1884.1000000,454010
LKOH,D,20140505,000000,1874.0000000,1884.0000000,1850.5000000,1866.0000000,554975
LKOH,D,20140506,000000,1870.1000000,1898.0000000,1860.3000000,1878.9000000,929839
LKOH,D,20140507,000000,1870.0000000,1938.0000000,1869.0000000,1919.0000000,1618108
LKOH,D,20140508,000000,1920.0000000,1956.4000000,1909.3000000,1942.8000000,1220532
LKOH,D,20140512,000000,1944.7000000,1967.0000000,1923.1000000,1950.0000000,1002957
LKOH,D,20140513,000000,1954.5000000,1964.5000000,1921.7000000,1931.3000000,962693
LKOH,D,20140514,000000,1931.5000000,1931.6000000,1908.5000000,1910.9000000,1339594
LKOH,D,20140515,000000,1912.8000000,1929.5000000,1889.0000000,1890.0000000,1219550
LKOH,D,20140516,000000,1894.8000000,1919.0000000,1881.0000000,1919.0000000,965614
LKOH,D,20140519,000000,1919.0000000,1954.8000000,1914.6000000,1938.0000000,1368732
LKOH,D,20140520,000000,1938.9000000,1979.0000000,1938.0000000,1979.0000000,1474536
LKOH,D,20140521,000000,1989.1000000,2005.3000000,1962.0000000,1995.0000000,1503362
LKOH,D,20140522,000000,1995.7000000,1999.7000000,1953.0000000,1965.2000000,1048120
LKOH,D,20140523,000000,1967.0000000,1975.0000000,1947.7000000,1957.0000000,844813
LKOH,D,20140526,000000,1961.0000000,1984.2000000,1958.5000000,1972.0000000,486394
LKOH,D,20140527,000000,1972.0000000,1972.0000000,1922.3000000,1930.3000000,1420563
LKOH,D,20140528,000000,1938.3000000,1949.4000000,1923.0000000,1944.9000000,759578
LKOH,D,20140529,000000,1947.2000000,1977.9000000,1943.1000000,1977.7000000,1115154
LKOH,D,20140530,000000,1978.0000000,1989.9000000,1965.5000000,1968.0000000,1351881
LKOH,D,20140602,000000,1978.0000000,2041.7000000,1977.1000000,2037.0000000,1273192
LKOH,D,20140603,000000,2025.1000000,2052.0000000,2020.0000000,2050.0000000,1118169
LKOH,D,20140604,000000,2040.0000000,2058.5000000,2039.2000000,2047.0000000,869270
LKOH,D,20140605,000000,2045.1000000,2059.9000000,2028.7000000,2035.0000000,844557
LKOH,D,20140606,000000,2039.7000000,2045.5000000,2015.3000000,2030.6000000,1126901
LKOH,D,20140609,000000,2031.0000000,2045.0000000,2018.0000000,2025.0000000,716156
LKOH,D,20140610,000000,2028.6000000,2069.5000000,2017.6000000,2061.4000000,968179
LKOH,D,20140611,000000,2058.9000000,2097.9000000,2053.3000000,2097.9000000,1127166
LKOH,D,20140616,000000,2092.0000000,2153.3000000,2067.3000000,2149.0000000,3720613
LKOH,D,20140617,000000,2148.0000000,2163.8000000,2122.5000000,2130.0000000,1493124
LKOH,D,20140618,000000,2135.0000000,2152.3000000,2121.8000000,2126.9000000,1129592
LKOH,D,20140619,000000,2141.0000000,2147.9000000,2112.0000000,2112.1000000,1139869
LKOH,D,20140620,000000,2118.0000000,2127.3000000,2086.1000000,2100.0000000,1067281
LKOH,D,20140623,000000,2105.0000000,2113.4000000,2073.5000000,2082.6000000,1144984
LKOH,D,20140624,000000,2085.0000000,2105.0000000,2078.0000000,2099.1000000,1140054
LKOH,D,20140625,000000,2088.0000000,2103.9000000,2035.1000000,2037.4000000,1262857
LKOH,D,20140626,000000,2047.9000000,2061.4000000,2021.6000000,2028.6000000,1666519
LKOH,D,20140627,000000,2031.0000000,2036.5000000,2007.0000000,2021.0000000,760298
LKOH,D,20140630,000000,2022.0000000,2036.0000000,2012.0000000,2036.0000000,720824
LKOH,D,20140701,000000,2035.1000000,2065.4000000,2022.3000000,2063.9000000,986864
LKOH,D,20140702,000000,2062.3000000,2110.3000000,2060.9000000,2110.0000000,1034470
LKOH,D,20140703,000000,2106.0000000,2114.3000000,2086.0000000,2089.9000000,643943
LKOH,D,20140704,000000,2090.7000000,2100.9000000,2048.2000000,2062.9000000,808844
LKOH,D,20140707,000000,2062.0000000,2126.0000000,2055.9000000,2113.0000000,1080390
LKOH,D,20140708,000000,2113.8000000,2143.0000000,2113.8000000,2122.9000000,1080501
LKOH,D,20140709,000000,2120.9000000,2120.9000000,2075.2000000,2104.9000000,927441
LKOH,D,20140710,000000,2104.5000000,2115.4000000,2065.0000000,2093.2000000,1196249
LKOH,D,20140711,000000,2095.7000000,2113.9000000,2082.1000000,2105.0000000,1292420
LKOH,D,20140714,000000,2055.0000000,2073.1000000,2015.3000000,2016.5000000,1446104
LKOH,D,20140715,000000,2017.5000000,2043.0000000,2006.0000000,2018.0000000,1297983
LKOH,D,20140716,000000,2018.0000000,2054.9000000,2009.7000000,2050.8000000,1341273
LKOH,D,20140717,000000,2030.0000000,2045.0000000,1975.4000000,2004.8000000,2069524
LKOH,D,20140718,000000,1972.0000000,1996.0000000,1963.0000000,1990.0000000,1674618
LKOH,D,20140721,000000,1989.8000000,1991.5000000,1936.2000000,1940.0000000,1234319
LKOH,D,20140722,000000,1951.6000000,1978.8000000,1951.0000000,1970.0000000,1393390
LKOH,D,20140723,000000,1970.0000000,1988.7000000,1964.6000000,1980.5000000,883190
LKOH,D,20140724,000000,1970.0000000,2005.0000000,1968.4000000,2005.0000000,995998
LKOH,D,20140725,000000,1998.5000000,2004.0000000,1970.1000000,1976.7000000,1056355
LKOH,D,20140728,000000,1968.8000000,1979.7000000,1948.0000000,1957.0000000,842884
LKOH,D,20140729,000000,1963.0000000,1985.0000000,1951.5000000,1975.0000000,844087
LKOH,D,20140730,000000,1965.0000000,2040.0000000,1962.2000000,2005.3000000,1591561
LKOH,D,20140731,000000,2009.0000000,2025.0000000,1990.5000000,2000.9000000,1052992
LKOH,D,20140801,000000,1995.0000000,2004.3000000,1973.5000000,1995.3000000,741553
LKOH,D,20140804,000000,2002.0000000,2009.9000000,1966.0000000,1984.9000000,734839
LKOH,D,20140805,000000,1985.5000000,1986.9000000,1957.0000000,1957.0000000,708035
LKOH,D,20140806,000000,1956.9000000,1983.9000000,1926.7000000,1929.8000000,1208346
LKOH,D,20140807,000000,1921.0000000,1949.0000000,1911.5000000,1932.7000000,970519
LKOH,D,20140808,000000,1935.0000000,1974.0000000,1924.9000000,1928.3000000,1281580
LKOH,D,20140811,000000,1961.0000000,1963.0000000,1941.1000000,1947.1000000,997011
LKOH,D,20140812,000000,1953.0000000,1973.7000000,1944.2000000,1953.7000000,853460
LKOH,D,20140813,000000,1957.7000000,1988.2000000,1957.6000000,1974.9000000,1085481
LKOH,D,20140814,000000,1975.0000000,2002.1000000,1966.5000000,1991.0000000,1014153
LKOH,D,20140815,000000,1992.6000000,2026.2000000,1988.0000000,2011.1000000,1019060
LKOH,D,20140818,000000,2013.4000000,2043.0000000,2009.1000000,2043.0000000,352115
LKOH,D,20140819,000000,2044.0000000,2076.7000000,2043.1000000,2063.9000000,792093
LKOH,D,20140820,000000,2063.9000000,2086.5000000,2053.0000000,2085.0000000,968083
LKOH,D,20140821,000000,2081.3000000,2108.7000000,2080.0000000,2100.6000000,791644
LKOH,D,20140822,000000,2100.0000000,2100.5000000,2058.3000000,2085.0000000,689042
LKOH,D,20140825,000000,2075.5000000,2092.0000000,2075.0000000,2088.0000000,292224
LKOH,D,20140826,000000,2086.0000000,2096.8000000,2062.4000000,2068.0000000,653345
LKOH,D,20140827,000000,2074.4000000,2107.1000000,2067.4000000,2096.5000000,586500
LKOH,D,20140828,000000,2090.1000000,2096.1000000,2062.9000000,2083.0000000,1194045
LKOH,D,20140829,000000,2080.0000000,2094.2000000,2054.9000000,2055.0000000,1009473
LKOH,D,20140901,000000,2052.0000000,2097.3000000,2033.8000000,2034.9000000,1048060
LKOH,D,20140902,000000,2032.6000000,2050.9000000,2024.0000000,2042.1000000,670151
LKOH,D,20140903,000000,2042.1000000,2127.0000000,2041.1000000,2115.0000000,1961986
LKOH,D,20140904,000000,2119.0000000,2134.9000000,2106.5000000,2131.5000000,992935
LKOH,D,20140905,000000,2119.1000000,2169.4000000,2114.1000000,2163.0000000,955217
LKOH,D,20140908,000000,2160.0000000,2179.0000000,2146.0000000,2153.3000000,1072844
LKOH,D,20140909,000000,2152.9000000,2172.0000000,2150.7000000,2163.6000000,558623
LKOH,D,20140910,000000,2156.3000000,2169.0000000,2151.2000000,2163.0000000,602012
LKOH,D,20140911,000000,2165.6000000,2174.6000000,2148.7000000,2149.2000000,890280
LKOH,D,20140912,000000,2153.8000000,2194.7000000,2143.2000000,2163.1000000,1150291
LKOH,D,20140915,000000,2159.0000000,2183.0000000,2154.0000000,2174.9000000,1789958
LKOH,D,20140916,000000,2168.0000000,2199.0000000,2166.2000000,2185.0000000,1004213
LKOH,D,20140917,000000,2185.0000000,2197.7000000,2130.0000000,2141.5000000,1360201
LKOH,D,20140918,000000,2142.6000000,2155.0000000,2117.4000000,2130.0000000,778822
LKOH,D,20140919,000000,2130.0000000,2130.8000000,2065.0000000,2071.0000000,1895074
LKOH,D,20140922,000000,2067.6000000,2090.0000000,2047.7000000,2050.0000000,833665
LKOH,D,20140923,000000,2056.7000000,2068.6000000,2030.1000000,2049.6000000,1516461
LKOH,D,20140924,000000,2053.5000000,2072.6000000,2046.6000000,2059.1000000,1010822
LKOH,D,20140925,000000,2065.4000000,2087.8000000,2043.5000000,2043.5000000,1242645
LKOH,D,20140926,000000,2040.0000000,2074.8000000,2033.7000000,2064.9000000,989984
LKOH,D,20140929,000000,2066.7000000,2085.0000000,2004.0000000,2007.9000000,1206867
LKOH,D,20140930,000000,2017.4000000,2049.1000000,1999.3000000,2015.0000000,1218495
LKOH,D,20141001,000000,2009.0000000,2028.3000000,1990.0000000,1993.5000000,1069780
LKOH,D,20141002,000000,1987.1000000,2003.7000000,1960.5000000,1964.0000000,1443996
LKOH,D,20141003,000000,1975.0000000,2010.0000000,1972.4000000,1990.0000000,1007287
LKOH,D,20141006,000000,2001.0000000,2052.0000000,2001.0000000,2042.0000000,851899
LKOH,D,20141007,000000,2040.3000000,2045.0000000,2004.4000000,2007.6000000,804118
LKOH,D,20141008,000000,1994.5000000,2009.5000000,1976.0000000,1976.0000000,1341147
LKOH,D,20141009,000000,1999.0000000,2024.0000000,1971.1000000,1980.0000000,1266199
LKOH,D,20141010,000000,1965.0000000,1971.7000000,1921.0000000,1925.1000000,1489461
LKOH,D,20141013,000000,1916.0000000,1995.0000000,1913.0000000,1978.0000000,1289862
LKOH,D,20141014,000000,1982.8000000,2040.2000000,1978.4000000,2005.4000000,1597721
LKOH,D,20141015,000000,2003.6000000,2009.0000000,1970.4000000,1980.0000000,1346961
LKOH,D,20141016,000000,1981.9000000,2005.0000000,1945.7000000,1955.0000000,1503614
LKOH,D,20141017,000000,1971.8000000,2003.0000000,1965.6000000,1986.6000000,1224992
LKOH,D,20141020,000000,1992.0000000,2003.0000000,1972.0000000,1978.0000000,1138813
LKOH,D,20141021,000000,1972.0000000,1998.3000000,1958.0000000,1990.0000000,1274841
LKOH,D,20141022,000000,1995.0000000,2009.0000000,1958.5000000,1964.9000000,1706084
LKOH,D,20141023,000000,1961.0000000,1968.3000000,1916.7000000,1932.3000000,1601823
LKOH,D,20141024,000000,1926.4000000,1957.5000000,1917.8000000,1948.5000000,932269
LKOH,D,20141027,000000,1961.0000000,2003.8000000,1960.7000000,1991.9000000,1384704
LKOH,D,20141028,000000,1997.1000000,2034.6000000,1995.9000000,2014.0000000,1200099
LKOH,D,20141029,000000,2021.0000000,2042.5000000,1993.0000000,2042.5000000,1668592
LKOH,D,20141030,000000,2034.0000000,2069.9000000,2011.0000000,2055.0000000,2035218
LKOH,D,20141031,000000,2062.0000000,2120.0000000,2051.0000000,2120.0000000,2829432
LKOH,D,20141103,000000,2113.4000000,2124.7000000,2100.2000000,2117.0000000,649108
LKOH,D,20141105,000000,2102.3000000,2133.5000000,2072.2000000,2127.7000000,1820388
LKOH,D,20141106,000000,2123.0000000,2169.0000000,2123.0000000,2132.7000000,1685051
LKOH,D,20141107,000000,2139.0000000,2178.0000000,2120.0000000,2126.5000000,2796410
LKOH,D,20141110,000000,2140.0000000,2160.0000000,2122.0000000,2139.9000000,1755055
LKOH,D,20141111,000000,2139.9000000,2163.7000000,2125.1000000,2125.1000000,930269
LKOH,D,20141112,000000,2127.7000000,2149.6000000,2113.2000000,2126.0000000,1075492
LKOH,D,20141113,000000,2134.9000000,2147.9000000,2078.2000000,2083.6000000,1211374
LKOH,D,20141114,000000,2075.0000000,2099.0000000,2065.0000000,2084.0000000,1280568
LKOH,D,20141117,000000,2081.2000000,2102.7000000,2071.4000000,2085.0000000,753044
LKOH,D,20141118,000000,2091.1000000,2144.7000000,2065.1000000,2132.3000000,1633046
LKOH,D,20141119,000000,2134.1000000,2180.0000000,2128.1000000,2180.0000000,1086131
LKOH,D,20141120,000000,2180.1000000,2233.8000000,2180.0000000,2230.0000000,1269751
LKOH,D,20141121,000000,2236.5000000,2291.0000000,2205.2000000,2280.4000000,1519535
LKOH,D,20141124,000000,2283.9000000,2293.9000000,2245.2000000,2261.3000000,932402
LKOH,D,20141125,000000,2259.0000000,2281.5000000,2232.9000000,2259.1000000,985428
LKOH,D,20141126,000000,2252.0000000,2280.0000000,2245.2000000,2280.0000000,1240300
LKOH,D,20141127,000000,2273.6000000,2331.6000000,2260.0000000,2295.0000000,1885541
LKOH,D,20141128,000000,2284.0000000,2324.7000000,2270.6000000,2291.7000000,1884102
LKOH,D,20141201,000000,2280.0000000,2462.0000000,2278.1000000,2418.1000000,2773907
LKOH,D,20141202,000000,2425.6000000,2467.7000000,2373.8000000,2449.9000000,1924537
LKOH,D,20141203,000000,2454.3000000,2578.5000000,2434.0000000,2573.0000000,2223310
LKOH,D,20141204,000000,2550.0000000,2593.8000000,2477.0000000,2490.1000000,2552625
LKOH,D,20141205,000000,2489.0000000,2518.9000000,2391.1000000,2391.1000000,1573449
LKOH,D,20141208,000000,2391.0000000,2439.0000000,2340.0000000,2355.0000000,1761694
LKOH,D,20141209,000000,2348.0000000,2373.5000000,2315.5000000,2318.0000000,1287522
LKOH,D,20141210,000000,2324.9000000,2365.0000000,2292.4000000,2296.0000000,1161586
LKOH,D,20141211,000000,2299.6000000,2309.0000000,2202.5000000,2223.4000000,1950770
LKOH,D,20141212,000000,2217.1000000,2319.0000000,2146.6000000,2292.3000000,2541593
LKOH,D,20141215,000000,2256.0000000,2366.8000000,2173.3000000,2264.0000000,2857225
LKOH,D,20141216,000000,2243.0000000,2479.7000000,2053.6000000,2359.0000000,3188558
LKOH,D,20141217,000000,2364.0000000,2480.0000000,2211.0000000,2263.0000000,2945156
LKOH,D,20141218,000000,2303.0000000,2474.1000000,2239.0000000,2370.0000000,2522352
LKOH,D,20141219,000000,2368.0000000,2385.0000000,2229.0000000,2300.0000000,1275518
LKOH,D,20141222,000000,2311.0000000,2419.4000000,2280.5000000,2363.5000000,1573749
LKOH,D,20141223,000000,2369.0000000,2456.9000000,2231.0000000,2260.0000000,1327396
LKOH,D,20141224,000000,2251.0000000,2270.0000000,2214.3000000,2236.0000000,691513
LKOH,D,20141225,000000,2180.0000000,2210.0000000,2145.0000000,2205.7000000,566703
LKOH,D,20141226,000000,2214.8000000,2284.0000000,2202.3000000,2264.0000000,524889
LKOH,D,20141229,000000,2260.0000000,2460.0000000,2236.1000000,2298.9000000,1151324
LKOH,D,20141230,000000,2286.0000000,2296.1000000,2183.6000000,2225.0000000,852067
LKOH,D,20150105,000000,2201.0000000,2317.0000000,2200.9000000,2295.0000000,567607
LKOH,D,20150106,000000,2289.9000000,2376.0000000,2281.5000000,2345.0000000,811041
LKOH,D,20150108,000000,2371.1000000,2595.1000000,2361.0000000,2572.0000000,1099715
LKOH,D,20150109,000000,2565.0000000,2579.0000000,2452.5000000,2461.0000000,1203809
LKOH,D,20150112,000000,2460.0000000,2519.0000000,2441.4000000,2477.0000000,909067
LKOH,D,20150113,000000,2479.9000000,2553.0000000,2461.9000000,2522.0000000,1316755
LKOH,D,20150114,000000,2519.9000000,2588.0000000,2502.2000000,2588.0000000,764395
LKOH,D,20150115,000000,2598.0000000,2653.0000000,2573.0000000,2618.9000000,1285131
LKOH,D,20150116,000000,2612.0000000,2748.5000000,2590.0000000,2736.0000000,1096043
LKOH,D,20150119,000000,2735.0000000,2828.1000000,2631.6000000,2640.0000000,1694526
LKOH,D,20150120,000000,2652.0000000,2675.5000000,2596.2000000,2628.7000000,1060596
LKOH,D,20150121,000000,2639.0000000,2765.0000000,2615.7000000,2752.0000000,1123431
LKOH,D,20150122,000000,2760.0000000,2937.9000000,2744.6000000,2820.0000000,2055982
LKOH,D,20150123,000000,2848.2000000,2938.0000000,2835.5000000,2849.0000000,1630194
LKOH,D,20150126,000000,2819.9000000,2869.0000000,2757.0000000,2864.9000000,1420700
LKOH,D,20150127,000000,2836.3000000,2943.2000000,2830.5000000,2925.1000000,1159742
LKOH,D,20150128,000000,2939.3000000,2998.5000000,2849.1000000,2865.2000000,1318705
LKOH,D,20150129,000000,2853.1000000,2914.9000000,2840.0000000,2845.2000000,1306854
LKOH,D,20150130,000000,2865.8000000,2885.0000000,2759.0000000,2789.9000000,1205436
LKOH,D,20150202,000000,2805.1000000,2819.9000000,2697.6000000,2750.1000000,1675469
LKOH,D,20150203,000000,2763.3000000,2903.9000000,2761.1000000,2851.5000000,1241543
LKOH,D,20150204,000000,2872.0000000,2933.0000000,2840.7000000,2910.0000000,1258020
LKOH,D,20150205,000000,2902.4000000,3030.0000000,2885.4000000,2996.0000000,2085101
LKOH,D,20150206,000000,3010.1000000,3150.0000000,2988.0000000,3120.1000000,2153165
LKOH,D,20150209,000000,3120.1000000,3297.7000000,3015.5000000,3016.0000000,2681345
LKOH,D,20150210,000000,3004.0000000,3058.0000000,2956.0000000,3000.0000000,1268154
LKOH,D,20150211,000000,3041.0000000,3123.9000000,3020.2000000,3069.1000000,1419373
LKOH,D,20150212,000000,3099.8000000,3207.8000000,3023.0000000,3120.0000000,2335273
LKOH,D,20150213,000000,3167.7000000,3199.0000000,3102.3000000,3135.0000000,1042290
LKOH,D,20150216,000000,3138.1000000,3143.9000000,2995.2000000,3020.0000000,908960
LKOH,D,20150217,000000,3025.0000000,3094.5000000,2990.1000000,3010.0000000,1104724
LKOH,D,20150218,000000,3031.1000000,3071.2000000,2995.2000000,3000.0000000,1174234
LKOH,D,20150219,000000,3005.0000000,3024.5000000,2917.0000000,2994.8000000,1066866
LKOH,D,20150220,000000,3010.0000000,3019.0000000,2950.0000000,2990.0000000,773474
LKOH,D,20150224,000000,2947.7000000,3001.0000000,2931.4000000,3001.0000000,703843
LKOH,D,20150225,000000,3001.0000000,3001.6000000,2907.0000000,2933.4000000,1495880
LKOH,D,20150226,000000,2950.0000000,2967.0000000,2895.2000000,2935.0000000,1029460
LKOH,D,20150227,000000,2920.0000000,2995.5000000,2905.0000000,2981.2000000,1050170
LKOH,D,20150302,000000,2989.0000000,3045.4000000,2976.0000000,3027.2000000,932917
LKOH,D,20150303,000000,3009.0000000,3099.5000000,2988.0000000,3009.5000000,1156616
LKOH,D,20150304,000000,3010.0000000,3037.0000000,2937.0000000,2955.0000000,1053096
LKOH,D,20150305,000000,2958.0000000,2977.2000000,2902.0000000,2915.0000000,1137433
LKOH,D,20150306,000000,2921.5000000,2924.0000000,2800.0000000,2800.0000000,1006194
LKOH,D,20150310,000000,2779.0000000,2800.9000000,2687.1000000,2699.0000000,1565646
LKOH,D,20150311,000000,2710.0000000,2784.3000000,2699.0000000,2726.9000000,1278048
LKOH,D,20150312,000000,2740.0000000,2765.0000000,2705.0000000,2733.9000000,892010
LKOH,D,20150313,000000,2733.9000000,2754.0000000,2651.0000000,2659.0000000,1164264
LKOH,D,20150316,000000,2652.9000000,2696.7000000,2625.0000000,2666.0000000,1597032
LKOH,D,20150317,000000,2680.0000000,2710.0000000,2667.0000000,2689.0000000,1098553
LKOH,D,20150318,000000,2693.9000000,2742.9000000,2683.9000000,2735.0000000,932976
LKOH,D,20150319,000000,2760.0000000,2773.9000000,2673.4000000,2689.8000000,1188094
LKOH,D,20150320,000000,2685.0000000,2766.4000000,2672.3000000,2710.0000000,1497304
LKOH,D,20150323,000000,2729.8000000,2746.9000000,2667.3000000,2679.9000000,906562
LKOH,D,20150324,000000,2685.5000000,2715.2000000,2647.6000000,2709.7000000,818707
LKOH,D,20150325,000000,2711.0000000,2718.8000000,2630.0000000,2697.3000000,1220040
LKOH,D,20150326,000000,2712.0000000,2753.0000000,2622.7000000,2623.0000000,1586623
LKOH,D,20150327,000000,2630.0000000,2655.0000000,2577.0000000,2577.0000000,706770
LKOH,D,20150330,000000,2577.1000000,2668.4000000,2577.0000000,2657.0000000,576627
LKOH,D,20150331,000000,2656.9000000,2705.0000000,2645.1000000,2705.0000000,827977
LKOH,D,20150401,000000,2695.3000000,2759.5000000,2675.2000000,2755.0000000,1136254
LKOH,D,20150402,000000,2750.5000000,2790.1000000,2723.8000000,2780.5000000,898975
LKOH,D,20150403,000000,2785.0000000,2831.1000000,2772.7000000,2824.8000000,446554
LKOH,D,20150406,000000,2824.8000000,2850.1000000,2791.0000000,2823.3000000,633584
LKOH,D,20150407,000000,2818.0000000,2826.9000000,2760.0000000,2790.0000000,1368895
LKOH,D,20150408,000000,2778.0000000,2778.3000000,2727.0000000,2755.0000000,813188
LKOH,D,20150409,000000,2744.3000000,2744.9000000,2660.5000000,2707.8000000,1398265
LKOH,D,20150410,000000,2706.9000000,2706.9000000,2600.0000000,2634.9000000,1465078
LKOH,D,20150413,000000,2655.0000000,2683.0000000,2612.0000000,2617.0000000,1241850
LKOH,D,20150414,000000,2622.0000000,2639.8000000,2546.0000000,2559.0000000,1306568
LKOH,D,20150415,000000,2558.9000000,2600.0000000,2532.1000000,2595.0000000,1090943
LKOH,D,20150416,000000,2600.0000000,2609.0000000,2541.1000000,2580.0000000,1373506
LKOH,D,20150417,000000,2580.9000000,2616.6000000,2562.0000000,2576.0000000,1516105
LKOH,D,20150420,000000,2590.3000000,2697.0000000,2563.7000000,2670.0000000,1390623
LKOH,D,20150421,000000,2675.2000000,2738.0000000,2675.0000000,2728.2000000,1057060
LKOH,D,20150422,000000,2725.1000000,2745.0000000,2625.6000000,2639.5000000,1163013
LKOH,D,20150423,000000,2638.0000000,2644.0000000,2570.0000000,2592.0000000,1527774
LKOH,D,20150424,000000,2597.0000000,2675.0000000,2576.0000000,2645.0000000,1199156
LKOH,D,20150427,000000,2639.0000000,2700.0000000,2633.1000000,2662.0000000,874382
LKOH,D,20150428,000000,2658.0000000,2688.1000000,2635.5000000,2644.9000000,1049716
LKOH,D,20150429,000000,2645.0000000,2683.4000000,2605.5000000,2610.0000000,951911
LKOH,D,20150430,000000,2612.0000000,2658.0000000,2601.0000000,2645.6000000,808454
LKOH,D,20150505,000000,2657.0000000,2699.6000000,2645.8000000,2655.0000000,1395329
LKOH,D,20150506,000000,2646.2000000,2667.0000000,2611.6000000,2660.0000000,794523
LKOH,D,20150507,000000,2650.0000000,2674.7000000,2621.1000000,2650.5000000,950311
LKOH,D,20150508,000000,2656.0000000,2698.0000000,2637.1000000,2691.6000000,666622
LKOH,D,20150512,000000,2692.1000000,2712.0000000,2665.0000000,2698.6000000,859862
LKOH,D,20150513,000000,2700.0000000,2708.0000000,2611.7000000,2620.0000000,1263430
LKOH,D,20150514,000000,2631.1000000,2652.3000000,2605.6000000,2610.1000000,698193
LKOH,D,20150515,000000,2624.6000000,2627.6000000,2563.7000000,2595.0000000,679459
LKOH,D,20150518,000000,2593.0000000,2598.0000000,2550.0000000,2550.0000000,671473
LKOH,D,20150519,000000,2552.0000000,2559.0000000,2503.3000000,2530.0000000,919467
LKOH,D,20150520,000000,2529.0000000,2540.7000000,2473.1000000,2481.1000000,897180
LKOH,D,20150521,000000,2484.0000000,2527.0000000,2471.1000000,2523.0000000,921926
LKOH,D,20150522,000000,2522.9000000,2543.0000000,2507.1000000,2537.0000000,636883
LKOH,D,20150525,000000,2537.8000000,2537.8000000,2480.4000000,2502.2000000,457907
LKOH,D,20150526,000000,2509.4000000,2527.0000000,2496.4000000,2508.0000000,607072
LKOH,D,20150527,000000,2511.9000000,2550.0000000,2462.0000000,2541.8000000,1108246
LKOH,D,20150528,000000,2537.2000000,2593.5000000,2523.1000000,2563.8000000,1004321
LKOH,D,20150529,000000,2576.9000000,2596.0000000,2461.3000000,2461.3000000,1627894
LKOH,D,20150601,000000,2485.0000000,2515.0000000,2446.5000000,2447.5000000,1019377
LKOH,D,20150602,000000,2453.0000000,2522.9000000,2440.1000000,2515.0000000,1126891
LKOH,D,20150603,000000,2515.1000000,2521.9000000,2426.7000000,2480.3000000,1133022
LKOH,D,20150604,000000,2486.0000000,2534.0000000,2471.4000000,2525.0000000,1216216
LKOH,D,20150605,000000,2525.0000000,2577.3000000,2517.2000000,2570.0000000,876960
LKOH,D,20150608,000000,2575.0000000,2597.6000000,2546.8000000,2551.9000000,860759
LKOH,D,20150609,000000,2557.1000000,2617.0000000,2535.5000000,2606.0000000,904699
LKOH,D,20150610,000000,2611.0000000,2612.9000000,2538.0000000,2551.3000000,1089841
LKOH,D,20150611,000000,2564.9000000,2565.0000000,2491.3000000,2506.9000000,1092311
LKOH,D,20150615,000000,2496.3000000,2496.3000000,2427.5000000,2481.7000000,1529466
LKOH,D,20150616,000000,2482.6000000,2511.8000000,2452.1000000,2500.3000000,875395
LKOH,D,20150617,000000,2500.3000000,2513.9000000,2471.0000000,2475.0000000,753542
LKOH,D,20150618,000000,2480.0000000,2492.7000000,2458.1000000,2476.0000000,657562
LKOH,D,20150619,000000,2475.0000000,2495.5000000,2467.1000000,2474.4000000,717365
LKOH,D,20150622,000000,2485.1000000,2512.3000000,2481.7000000,2487.0000000,578051
LKOH,D,20150623,000000,2491.9000000,2497.1000000,2465.0000000,2469.0000000,564286
LKOH,D,20150624,000000,2476.9000000,2482.4000000,2426.9000000,2445.0000000,833715
LKOH,D,20150625,000000,2436.5000000,2454.6000000,2406.0000000,2406.0000000,642689
LKOH,D,20150626,000000,2408.9000000,2417.0000000,2391.8000000,2401.7000000,766488
LKOH,D,20150629,000000,2365.0000000,2432.0000000,2361.2000000,2408.0000000,602604
LKOH,D,20150630,000000,2407.7000000,2473.0000000,2401.8000000,2469.9000000,1225856
LKOH,D,20150701,000000,2469.9000000,2485.7000000,2425.0000000,2429.2000000,686587
LKOH,D,20150702,000000,2431.0000000,2465.2000000,2428.4000000,2455.0000000,432029
LKOH,D,20150703,000000,2455.0000000,2461.5000000,2418.3000000,2425.3000000,417291
LKOH,D,20150706,000000,2409.0000000,2462.0000000,2400.1000000,2460.0000000,568718
LKOH,D,20150707,000000,2460.0000000,2481.4000000,2446.0000000,2465.0000000,1051353
LKOH,D,20150708,000000,2462.3000000,2479.8000000,2431.6000000,2470.0000000,829656
LKOH,D,20150709,000000,2476.0000000,2488.8000000,2456.5000000,2484.6000000,1029555
LKOH,D,20150710,000000,2483.2000000,2486.8000000,2460.0000000,2465.0000000,939691
LKOH,D,20150713,000000,2396.0000000,2436.7000000,2374.1000000,2435.6000000,958370
LKOH,D,20150714,000000,2428.0000000,2439.0000000,2390.0000000,2421.9000000,1043967
LKOH,D,20150715,000000,2424.3000000,2460.0000000,2409.4000000,2460.0000000,972849
LKOH,D,20150716,000000,2457.9000000,2467.7000000,2436.1000000,2461.6000000,545911
LKOH,D,20150717,000000,2455.0000000,2483.0000000,2450.0000000,2465.4000000,752022
LKOH,D,20150720,000000,2467.0000000,2467.1000000,2410.0000000,2428.2000000,587939
LKOH,D,20150721,000000,2424.1000000,2447.0000000,2401.1000000,2442.0000000,746905
LKOH,D,20150722,000000,2432.4000000,2465.0000000,2424.1000000,2465.0000000,908463
LKOH,D,20150723,000000,2454.9000000,2473.0000000,2436.4000000,2462.5000000,603431
LKOH,D,20150724,000000,2462.8000000,2493.0000000,2442.5000000,2468.9000000,795964
LKOH,D,20150727,000000,2472.1000000,2472.1000000,2385.0000000,2398.9000000,1220708
LKOH,D,20150728,000000,2400.9000000,2458.2000000,2395.1000000,2433.4000000,1268933
LKOH,D,20150729,000000,2440.0000000,2460.0000000,2407.0000000,2430.9000000,840700
LKOH,D,20150730,000000,2432.9000000,2458.4000000,2416.1000000,2441.0000000,647296
LKOH,D,20150731,000000,2437.8000000,2537.6000000,2429.4000000,2537.6000000,1296060
LKOH,D,20150803,000000,2527.0000000,2564.8000000,2491.0000000,2509.1000000,1138813
LKOH,D,20150804,000000,2510.0000000,2526.0000000,2478.0000000,2507.4000000,1203270
LKOH,D,20150805,000000,2510.6000000,2546.5000000,2487.9000000,2529.0000000,1003119
LKOH,D,20150806,000000,2524.9000000,2539.0000000,2474.0000000,2491.6000000,1124719
LKOH,D,20150807,000000,2494.4000000,2525.7000000,2481.0000000,2520.0000000,718841
LKOH,D,20150810,000000,2519.0000000,2531.4000000,2490.0000000,2531.0000000,809884
LKOH,D,20150811,000000,2532.5000000,2569.0000000,2503.9000000,2519.7000000,989664
LKOH,D,20150812,000000,2509.8000000,2544.0000000,2470.0000000,2539.5000000,942425
LKOH,D,20150813,000000,2541.0000000,2570.0000000,2520.0000000,2548.2000000,1135727
LKOH,D,20150814,000000,2546.3000000,2584.3000000,2536.0000000,2561.1000000,1165364
LKOH,D,20150817,000000,2562.8000000,2564.0000000,2526.1000000,2554.9000000,820761
LKOH,D,20150818,000000,2541.3000000,2546.0000000,2488.4000000,2491.0000000,905108
LKOH,D,20150819,000000,2493.0000000,2500.0000000,2451.5000000,2468.5000000,1192286
LKOH,D,20150820,000000,2470.1000000,2490.0000000,2446.7000000,2487.1000000,1170828
LKOH,D,20150821,000000,2465.6000000,2475.4000000,2411.0000000,2412.0000000,1017165
LKOH,D,20150824,000000,2380.0000000,2425.6000000,2288.7000000,2347.0000000,2256503
LKOH,D,20150825,000000,2355.0000000,2405.5000000,2350.2000000,2381.0000000,1356389
LKOH,D,20150826,000000,2379.8000000,2379.8000000,2332.5000000,2355.0000000,1265445
LKOH,D,20150827,000000,2374.9000000,2424.0000000,2365.0000000,2424.0000000,1395438
LKOH,D,20150828,000000,2435.2000000,2520.0000000,2409.1000000,2520.0000000,2223656
LKOH,D,20150831,000000,2512.0000000,2545.0000000,2483.4000000,2531.0000000,1037927
LKOH,D,20150901,000000,2535.4000000,2537.9000000,2436.0000000,2455.0000000,1453568
LKOH,D,20150902,000000,2438.0000000,2469.9000000,2425.2000000,2440.0000000,1116506
LKOH,D,20150903,000000,2454.9000000,2506.4000000,2450.2000000,2503.0000000,1092796
LKOH,D,20150904,000000,2493.9000000,2498.4000000,2448.2000000,2458.0000000,841383
LKOH,D,20150907,000000,2457.0000000,2472.9000000,2441.0000000,2446.7000000,413350
LKOH,D,20150908,000000,2457.0000000,2499.0000000,2456.8000000,2462.1000000,777254
LKOH,D,20150909,000000,2475.0000000,2513.7000000,2471.0000000,2501.2000000,885000
LKOH,D,20150910,000000,2490.0000000,2514.7000000,2477.7000000,2489.0000000,857704
LKOH,D,20150911,000000,2500.0000000,2503.0000000,2475.0000000,2487.6000000,532584
LKOH,D,20150914,000000,2490.0000000,2542.5000000,2484.6000000,2524.5000000,899495
LKOH,D,20150915,000000,2525.1000000,2528.7000000,2464.0000000,2478.1000000,975824
LKOH,D,20150916,000000,2485.5000000,2495.8000000,2462.9000000,2475.0000000,793893
LKOH,D,20150917,000000,2481.0000000,2481.3000000,2425.0000000,2439.0000000,843916
LKOH,D,20150918,000000,2443.0000000,2450.7000000,2393.5000000,2403.8000000,1298201
LKOH,D,20150921,000000,2410.0000000,2412.8000000,2308.0000000,2331.1000000,2197617
LKOH,D,20150922,000000,2335.0000000,2337.0000000,2208.1000000,2225.9000000,2795587
LKOH,D,20150923,000000,2230.0000000,2248.9000000,2202.2000000,2203.0000000,1880967
LKOH,D,20150924,000000,2210.0000000,2232.0000000,2151.0000000,2185.0000000,2543833
LKOH,D,20150925,000000,2200.0000000,2247.0000000,2200.0000000,2240.0000000,1354909
LKOH,D,20150928,000000,2242.9000000,2286.0000000,2205.6000000,2241.9000000,1685737
LKOH,D,20150929,000000,2234.5000000,2268.4000000,2211.7000000,2261.0000000,1272254
LKOH,D,20150930,000000,2262.9000000,2292.0000000,2215.5000000,2242.9000000,1484463
LKOH,D,20151001,000000,2250.7000000,2257.9000000,2161.0000000,2184.0000000,1787695
LKOH,D,20151002,000000,2183.8000000,2200.0000000,2126.0000000,2140.0000000,1648780
LKOH,D,20151005,000000,2157.1000000,2205.0000000,2155.0000000,2196.0000000,1608286
LKOH,D,20151006,000000,2201.8000000,2244.4000000,2200.0000000,2238.0000000,1407105
LKOH,D,20151007,000000,2244.0000000,2280.0000000,2225.1000000,2279.0000000,1952685
LKOH,D,20151008,000000,2269.9000000,2307.8000000,2257.3000000,2294.0000000,1782757
LKOH,D,20151009,000000,2310.0000000,2421.9000000,2310.0000000,2400.1000000,3489552
LKOH,D,20151012,000000,2401.0000000,2429.1000000,2315.7000000,2340.2000000,1699883
LKOH,D,20151013,000000,2329.7000000,2366.5000000,2320.0000000,2350.0000000,1238548
LKOH,D,20151014,000000,2342.0000000,2372.6000000,2316.0000000,2341.0000000,1267210
LKOH,D,20151015,000000,2350.0000000,2363.0000000,2320.0000000,2320.0000000,1032657
LKOH,D,20151016,000000,2344.8000000,2344.9000000,2292.7000000,2303.8000000,1217664
LKOH,D,20151019,000000,2306.8000000,2323.3000000,2287.3000000,2315.0000000,856274
LKOH,D,20151020,000000,2314.9000000,2336.5000000,2301.0000000,2332.9000000,853332
LKOH,D,20151021,000000,2326.0000000,2346.7000000,2303.1000000,2310.9000000,881921
LKOH,D,20151022,000000,2311.9000000,2347.3000000,2306.0000000,2334.5000000,793081
LKOH,D,20151023,000000,2343.0000000,2363.4000000,2318.4000000,2336.7000000,1469251
LKOH,D,20151026,000000,2339.0000000,2340.7000000,2280.4000000,2298.0000000,1190845
LKOH,D,20151027,000000,2283.1000000,2350.6000000,2254.2000000,2350.6000000,1620197
LKOH,D,20151028,000000,2345.1000000,2366.0000000,2323.3000000,2357.0000000,1032541
LKOH,D,20151029,000000,2353.5000000,2367.5000000,2325.9000000,2341.5000000,869734
LKOH,D,20151030,000000,2339.2000000,2365.0000000,2319.0000000,2320.0000000,816181
LKOH,D,20151102,000000,2319.1000000,2412.0000000,2305.1000000,2412.0000000,1377138
LKOH,D,20151103,000000,2418.0000000,2489.5000000,2404.0000000,2483.9000000,1676020
LKOH,D,20151105,000000,2496.0000000,2536.2000000,2466.3000000,2489.6000000,1714231
LKOH,D,20151106,000000,2490.0000000,2539.3000000,2476.0000000,2511.8000000,1572279
LKOH,D,20151109,000000,2514.9000000,2549.4000000,2499.2000000,2530.0000000,825852
LKOH,D,20151110,000000,2525.1000000,2531.0000000,2500.2000000,2520.0000000,868525
LKOH,D,20151111,000000,2512.2000000,2572.3000000,2502.7000000,2548.0000000,952649
LKOH,D,20151112,000000,2540.0000000,2569.9000000,2537.0000000,2555.0000000,802211
LKOH,D,20151113,000000,2541.0000000,2561.0000000,2477.2000000,2485.0000000,1263307
LKOH,D,20151116,000000,2480.8000000,2512.6000000,2474.0000000,2476.0000000,870324
LKOH,D,20151117,000000,2490.0000000,2541.9000000,2485.5000000,2524.5000000,1237775
LKOH,D,20151118,000000,2527.1000000,2546.3000000,2500.0000000,2526.0000000,1232105
LKOH,D,20151119,000000,2539.9000000,2568.8000000,2515.5000000,2534.0000000,1303656
LKOH,D,20151120,000000,2530.0000000,2552.0000000,2511.0000000,2540.0000000,700838
LKOH,D,20151123,000000,2537.0000000,2654.0000000,2515.0000000,2652.8000000,1773811
LKOH,D,20151124,000000,2647.1000000,2664.5000000,2546.9000000,2576.9000000,1816499
LKOH,D,20151125,000000,2574.4000000,2622.0000000,2571.2000000,2606.9000000,940933
LKOH,D,20151126,000000,2610.0000000,2625.8000000,2576.4000000,2598.6000000,791399
LKOH,D,20151127,000000,2590.3000000,2592.8000000,2534.4000000,2539.4000000,1297809
LKOH,D,20151130,000000,2531.6000000,2573.3000000,2506.4000000,2534.1000000,1166565
LKOH,D,20151201,000000,2548.9000000,2563.9000000,2518.0000000,2559.0000000,651149
LKOH,D,20151202,000000,2557.7000000,2575.0000000,2520.0000000,2535.4000000,608416
LKOH,D,20151203,000000,2526.7000000,2570.0000000,2525.3000000,2559.0000000,668198
LKOH,D,20151204,000000,2560.8000000,2579.6000000,2478.8000000,2489.9000000,1429316
LKOH,D,20151207,000000,2490.5000000,2503.0000000,2405.5000000,2410.0000000,1135126
LKOH,D,20151208,000000,2409.8000000,2424.0000000,2350.0000000,2377.9000000,1101108
LKOH,D,20151209,000000,2383.0000000,2409.5000000,2360.0000000,2385.1000000,930585
LKOH,D,20151210,000000,2385.9000000,2445.0000000,2370.0000000,2445.0000000,1071635
LKOH,D,20151211,000000,2439.0000000,2461.1000000,2428.2000000,2450.0000000,691879
LKOH,D,20151214,000000,2430.1000000,2456.0000000,2399.8000000,2432.8000000,954753
LKOH,D,20151215,000000,2435.1000000,2468.6000000,2426.0000000,2446.8000000,1052147
LKOH,D,20151216,000000,2448.1000000,2456.9000000,2400.0000000,2415.0000000,1080527
LKOH,D,20151217,000000,2420.1000000,2453.7000000,2380.4000000,2427.0000000,1227085
LKOH,D,20151218,000000,2411.1000000,2418.0000000,2327.1000000,2327.1000000,1366749
LKOH,D,20151221,000000,2332.0000000,2343.9000000,2317.4000000,2338.7000000,659179
LKOH,D,20151222,000000,2340.0000000,2348.6000000,2293.1000000,2327.0000000,1036559
LKOH,D,20151223,000000,2270.7000000,2338.0000000,2270.1000000,2317.0000000,1036892
LKOH,D,20151224,000000,2330.2000000,2357.0000000,2317.0000000,2325.3000000,613559
LKOH,D,20151225,000000,2331.5000000,2340.0000000,2305.7000000,2310.2000000,211645
LKOH,D,20151228,000000,2310.0000000,2317.4000000,2294.4000000,2309.9000000,291586
LKOH,D,20151229,000000,2310.0000000,2353.6000000,2303.9000000,2353.6000000,624217
LKOH,D,20151230,000000,2352.6000000,2375.9000000,2335.1000000,2345.9000000,589309
