<TICKER>,<PER>,<DATE>,<TIME>,<OPEN>,<HIGH>,<LOW>,<CLOSE>,<VOL>
NQ-100-FUT,D,20150101,000000,4240.2500000,4256.0000000,4240.2500000,4255.5000000,2875
NQ-100-FUT,D,20150102,000000,4255.5000000,4272.7500000,4201.0000000,4214.5000000,202011
NQ-100-FUT,D,20150104,000000,4216.0000000,4220.5000000,4197.0000000,4219.7500000,10798
NQ-100-FUT,D,20150105,000000,4219.7500000,4220.7500000,4145.0000000,4157.5000000,308374
NQ-100-FUT,D,20150106,000000,4157.5000000,4172.5000000,4082.0000000,4112.7500000,422302
NQ-100-FUT,D,20150107,000000,4113.2500000,4193.7500000,4107.5000000,4185.5000000,337682
NQ-100-FUT,D,20150108,000000,4184.5000000,4242.7500000,4177.0000000,4230.7500000,260812
NQ-100-FUT,D,20150109,000000,4230.7500000,4252.5000000,4182.0000000,4198.7500000,253067
NQ-100-FUT,D,20150111,000000,4201.2500000,4208.2500000,4195.0000000,4199.2500000,3408
NQ-100-FUT,D,20150112,000000,4199.2500000,4227.5000000,4151.0000000,4172.5000000,311249
NQ-100-FUT,D,20150113,000000,4172.2500000,4247.7500000,4126.7500000,4146.2500000,483705
NQ-100-FUT,D,20150114,000000,4146.2500000,4169.2500000,4100.5000000,4151.7500000,441343
NQ-100-FUT,D,20150115,000000,4151.7500000,4190.0000000,4041.5000000,4051.0000000,463670
NQ-100-FUT,D,20150116,000000,4051.2500000,4138.5000000,4043.2500000,4138.5000000,317552
NQ-100-FUT,D,20150118,000000,4138.7500000,4155.0000000,4124.2500000,4132.2500000,8874
NQ-100-FUT,D,20150119,000000,4132.7500000,4149.5000000,4113.0000000,4145.0000000,39018
NQ-100-FUT,D,20150120,000000,4144.2500000,4178.5000000,4109.0000000,4173.2500000,306197
NQ-100-FUT,D,20150121,000000,4173.7500000,4205.2500000,4137.0000000,4188.5000000,315874
NQ-100-FUT,D,20150122,000000,4188.7500000,4269.0000000,4164.5000000,4259.2500000,335614
NQ-100-FUT,D,20150123,000000,4259.5000000,4286.2500000,4250.2500000,4264.2500000,216125
NQ-100-FUT,D,20150125,000000,4249.5000000,4250.7500000,4231.5000000,4247.7500000,8838
NQ-100-FUT,D,20150126,000000,4248.0000000,4278.2500000,4245.2500000,4267.2500000,178971
NQ-100-FUT,D,20150127,000000,4267.0000000,4270.7500000,4142.7500000,4229.2500000,372001
NQ-100-FUT,D,20150128,000000,4229.5000000,4234.5000000,4119.5000000,4128.2500000,345539
NQ-100-FUT,D,20150129,000000,4128.2500000,4208.0000000,4095.7500000,4190.2500000,358080
NQ-100-FUT,D,20150130,000000,4190.5000000,4203.2500000,4136.0000000,4143.0000000,340010
NQ-100-FUT,D,20150201,000000,4147.2500000,4152.7500000,4129.2500000,4144.0000000,4943
NQ-100-FUT,D,20150202,000000,4144.5000000,4188.0000000,4085.5000000,4169.2500000,353452
NQ-100-FUT,D,20150203,000000,4169.0000000,4222.7500000,4165.7500000,4210.5000000,281376
NQ-100-FUT,D,20150204,000000,4210.2500000,4243.0000000,4181.5000000,4193.5000000,271568
NQ-100-FUT,D,20150205,000000,4194.0000000,4254.7500000,4188.0000000,4246.7500000,196492
NQ-100-FUT,D,20150206,000000,4247.0000000,4268.2500000,4209.7500000,4236.0000000,250166
NQ-100-FUT,D,20150208,000000,4226.5000000,4226.7500000,4204.5000000,4211.2500000,6741
NQ-100-FUT,D,20150209,000000,4211.0000000,4232.0000000,4201.5000000,4217.5000000,194098
NQ-100-FUT,D,20150210,000000,4217.5000000,4284.0000000,4211.0000000,4275.7500000,225217
NQ-100-FUT,D,20150211,000000,4275.7500000,4322.0000000,4271.0000000,4297.2500000,213359
NQ-100-FUT,D,20150212,000000,4297.7500000,4347.5000000,4294.0000000,4346.7500000,213180
NQ-100-FUT,D,20150213,000000,4346.5000000,4382.0000000,4345.5000000,4380.0000000,187286
NQ-100-FUT,D,20150215,000000,4373.5000000,4378.2500000,4370.2500000,4377.5000000,3139
NQ-100-FUT,D,20150216,000000,4377.5000000,4388.5000000,4364.5000000,4373.2500000,22033
NQ-100-FUT,D,20150217,000000,4373.2500000,4388.0000000,4365.0000000,4384.2500000,170183
NQ-100-FUT,D,20150218,000000,4384.5000000,4393.5000000,4373.7500000,4387.5000000,141001
NQ-100-FUT,D,20150219,000000,4387.5000000,4417.2500000,4376.0000000,4414.0000000,165768
NQ-100-FUT,D,20150220,000000,4413.7500000,4445.0000000,4396.0000000,4441.2500000,199532
NQ-100-FUT,D,20150222,000000,4439.7500000,4443.0000000,4437.7500000,4440.7500000,1818
NQ-100-FUT,D,20150223,000000,4440.7500000,4449.2500000,4429.7500000,4446.2500000,130299
NQ-100-FUT,D,20150224,000000,4446.5000000,4455.7500000,4427.0000000,4447.0000000,163002
NQ-100-FUT,D,20150225,000000,4447.0000000,4461.0000000,4429.2500000,4439.0000000,173747
NQ-100-FUT,D,20150226,000000,4439.2500000,4464.7500000,4431.0000000,4457.7500000,193692
NQ-100-FUT,D,20150227,000000,4458.0000000,4462.7500000,4435.0000000,4446.2500000,157870
NQ-100-FUT,D,20150301,000000,4447.0000000,4454.5000000,4446.2500000,4450.2500000,3287
NQ-100-FUT,D,20150302,000000,4450.0000000,4483.2500000,4446.5000000,4475.7500000,171181
NQ-100-FUT,D,20150303,000000,4476.0000000,4477.0000000,4432.5000000,4455.7500000,197655
NQ-100-FUT,D,20150304,000000,4455.7500000,4456.5000000,4419.2500000,4445.7500000,209810
NQ-100-FUT,D,20150305,000000,4445.7500000,4464.7500000,4432.7500000,4450.2500000,168415
NQ-100-FUT,D,20150306,000000,4450.0000000,4460.5000000,4389.2500000,4410.5000000,286076
NQ-100-FUT,D,20150308,000000,4411.7500000,4414.2500000,4398.2500000,4399.5000000,4191
NQ-100-FUT,D,20150309,000000,4399.7500000,4424.7500000,4391.7500000,4411.0000000,208452
NQ-100-FUT,D,20150310,000000,4411.0000000,4411.5000000,4328.5000000,4342.2500000,303301
NQ-100-FUT,D,20150311,000000,4342.0000000,4347.5000000,4304.2500000,4317.2500000,241538
NQ-100-FUT,D,20150312,000000,4317.2500000,4339.5000000,4298.7500000,4329.5000000,196182
NQ-100-FUT,D,20150313,000000,4329.2500000,4341.7500000,4281.5000000,4306.0000000,226848
NQ-100-FUT,D,20150315,000000,4306.0000000,4308.2500000,4292.7500000,4307.0000000,3626
NQ-100-FUT,D,20150316,000000,4307.0000000,4365.7500000,4304.7500000,4352.7500000,175079
NQ-100-FUT,D,20150317,000000,4352.7500000,4377.7500000,4341.7500000,4372.0000000,173996
NQ-100-FUT,D,20150318,000000,4372.5000000,4435.0000000,4335.7500000,4428.0000000,282138
NQ-100-FUT,D,20150319,000000,4428.0000000,4434.5000000,4411.5000000,4429.0000000,202572
NQ-100-FUT,D,20150320,000000,4429.0000000,4472.2500000,4427.2500000,4449.5000000,201595
NQ-100-FUT,D,20150322,000000,4448.5000000,4461.2500000,4444.5000000,4455.2500000,3842
NQ-100-FUT,D,20150323,000000,4454.7500000,4459.0000000,4434.7500000,4443.2500000,150069
NQ-100-FUT,D,20150324,000000,4443.2500000,4461.0000000,4424.2500000,4430.0000000,182553
NQ-100-FUT,D,20150325,000000,4430.0000000,4438.5000000,4319.0000000,4321.5000000,290189
NQ-100-FUT,D,20150326,000000,4321.2500000,4331.0000000,4270.0000000,4326.5000000,349242
NQ-100-FUT,D,20150327,000000,4326.2500000,4333.5000000,4297.2500000,4323.7500000,202576
NQ-100-FUT,D,20150329,000000,4327.5000000,4348.0000000,4315.7500000,4341.7500000,5541
NQ-100-FUT,D,20150330,000000,4342.0000000,4381.7500000,4336.7500000,4373.2500000,195556
NQ-100-FUT,D,20150331,000000,4370.0000000,4373.2500000,4259.0000000,4288.0000000,235227
NQ-100-FUT,D,20150401,000000,4289.5000000,4334.2500000,4275.7500000,4306.7500000,299788
NQ-100-FUT,D,20150402,000000,4306.7500000,4321.0000000,4288.5000000,4307.2500000,162647
NQ-100-FUT,D,20150403,000000,4306.7500000,4313.7500000,4262.0000000,4307.2500000,10967
NQ-100-FUT,D,20150405,000000,4265.0000000,4282.5000000,4264.5000000,4279.7500000,4443
NQ-100-FUT,D,20150406,000000,4279.7500000,4354.7500000,4269.0000000,4341.7500000,151457
NQ-100-FUT,D,20150407,000000,4341.2500000,4372.2500000,4327.5000000,4335.2500000,173009
NQ-100-FUT,D,20150408,000000,4335.5000000,4379.2500000,4330.0000000,4374.5000000,223657
NQ-100-FUT,D,20150409,000000,4375.0000000,4401.2500000,4352.7500000,4396.0000000,201407
NQ-100-FUT,D,20150410,000000,4395.7500000,4416.0000000,4385.7500000,4415.5000000,124109
NQ-100-FUT,D,20150412,000000,4415.0000000,4418.5000000,4411.0000000,4412.0000000,2776
NQ-100-FUT,D,20150413,000000,4412.0000000,4441.5000000,4399.5000000,4408.2500000,171033
NQ-100-FUT,D,20150414,000000,4408.0000000,4414.5000000,4366.7500000,4395.7500000,219766
NQ-100-FUT,D,20150415,000000,4395.7500000,4429.0000000,4388.7500000,4428.2500000,168451
NQ-100-FUT,D,20150416,000000,4428.7500000,4429.5000000,4398.0000000,4411.2500000,162362
NQ-100-FUT,D,20150417,000000,4411.7500000,4415.0000000,4324.0000000,4347.0000000,299180
NQ-100-FUT,D,20150419,000000,4356.7500000,4362.0000000,4352.2500000,4359.2500000,6919
NQ-100-FUT,D,20150420,000000,4359.5000000,4418.7500000,4355.0000000,4418.0000000,214619
NQ-100-FUT,D,20150421,000000,4417.5000000,4442.7500000,4414.7500000,4433.5000000,188349
NQ-100-FUT,D,20150422,000000,4434.5000000,4459.5000000,4398.5000000,4441.5000000,195693
NQ-100-FUT,D,20150423,000000,4441.7500000,4501.2500000,4418.0000000,4499.5000000,255560
NQ-100-FUT,D,20150424,000000,4499.5000000,4536.2500000,4490.5000000,4529.7500000,198129
NQ-100-FUT,D,20150426,000000,4533.0000000,4534.7500000,4530.5000000,4532.5000000,2697
NQ-100-FUT,D,20150427,000000,4532.2500000,4555.5000000,4509.2500000,4524.2500000,224876
NQ-100-FUT,D,20150428,000000,4524.2500000,4531.2500000,4471.7500000,4508.5000000,281556
NQ-100-FUT,D,20150429,000000,4508.2500000,4512.2500000,4456.2500000,4471.7500000,292235
NQ-100-FUT,D,20150430,000000,4471.5000000,4474.5000000,4386.5000000,4412.2500000,352130
NQ-100-FUT,D,20150501,000000,4412.7500000,4470.7500000,4409.7500000,4468.7500000,193229
NQ-100-FUT,D,20150503,000000,4471.7500000,4472.5000000,4460.2500000,4462.0000000,3566
NQ-100-FUT,D,20150504,000000,4462.0000000,4503.5000000,4457.0000000,4470.0000000,189808
NQ-100-FUT,D,20150505,000000,4470.2500000,4480.2500000,4399.5000000,4422.7500000,307772
NQ-100-FUT,D,20150506,000000,4422.2500000,4423.5000000,4341.5000000,4377.0000000,334107
NQ-100-FUT,D,20150507,000000,4376.7500000,4411.2500000,4332.5000000,4410.5000000,249121
NQ-100-FUT,D,20150508,000000,4410.5000000,4462.7500000,4405.7500000,4447.0000000,210615
NQ-100-FUT,D,20150510,000000,4452.5000000,4453.5000000,4445.7500000,4448.5000000,3024
NQ-100-FUT,D,20150511,000000,4448.7500000,4464.5000000,4426.0000000,4427.7500000,170416
NQ-100-FUT,D,20150512,000000,4428.0000000,4438.0000000,4374.5000000,4435.0000000,256154
NQ-100-FUT,D,20150513,000000,4435.0000000,4457.7500000,4417.5000000,4423.0000000,200365
NQ-100-FUT,D,20150514,000000,4423.0000000,4496.5000000,4412.7500000,4493.0000000,183775
NQ-100-FUT,D,20150515,000000,4492.5000000,4507.5000000,4477.7500000,4490.0000000,137670
NQ-100-FUT,D,20150517,000000,4491.2500000,4493.7500000,4482.2500000,4485.7500000,1869
NQ-100-FUT,D,20150518,000000,4485.7500000,4517.7500000,4470.5000000,4514.0000000,126872
NQ-100-FUT,D,20150519,000000,4513.5000000,4526.5000000,4496.5000000,4501.2500000,128602
NQ-100-FUT,D,20150520,000000,4501.0000000,4534.0000000,4482.2500000,4493.7500000,171797
NQ-100-FUT,D,20150521,000000,4494.2500000,4536.5000000,4488.0000000,4532.5000000,121735
NQ-100-FUT,D,20150522,000000,4532.5000000,4542.0000000,4522.0000000,4527.0000000,99120
NQ-100-FUT,D,20150524,000000,4527.5000000,4532.0000000,4524.2500000,4526.7500000,1615
NQ-100-FUT,D,20150525,000000,4527.0000000,4538.5000000,4517.5000000,4522.7500000,9080
NQ-100-FUT,D,20150526,000000,4522.7500000,4528.2500000,4455.0000000,4475.7500000,219244
NQ-100-FUT,D,20150527,000000,4476.0000000,4551.0000000,4473.0000000,4541.7500000,189816
NQ-100-FUT,D,20150528,000000,4541.7500000,4547.5000000,4521.7500000,4543.0000000,150472
NQ-100-FUT,D,20150529,000000,4543.0000000,4544.7500000,4497.2500000,4512.7500000,196048
NQ-100-FUT,D,20150531,000000,4514.0000000,4522.0000000,4512.2500000,4521.7500000,2990
NQ-100-FUT,D,20150601,000000,4521.7500000,4538.2500000,4486.0000000,4520.7500000,216128
NQ-100-FUT,D,20150602,000000,4520.7500000,4531.7500000,4480.7500000,4504.0000000,220527
NQ-100-FUT,D,20150603,000000,4503.5000000,4540.7500000,4501.2500000,4520.0000000,188510
NQ-100-FUT,D,20150604,000000,4519.5000000,4526.0000000,4473.2500000,4492.7500000,283790
NQ-100-FUT,D,20150605,000000,4492.7500000,4506.5000000,4449.2500000,4480.5000000,225294
NQ-100-FUT,D,20150607,000000,4479.5000000,4483.2500000,4468.7500000,4476.7500000,3697
NQ-100-FUT,D,20150608,000000,4476.5000000,4481.5000000,4422.0000000,4436.0000000,233404
NQ-100-FUT,D,20150609,000000,4436.2500000,4439.5000000,4390.2500000,4438.2500000,219859
NQ-100-FUT,D,20150610,000000,4437.7500000,4498.2500000,4430.5000000,4483.2500000,216996
NQ-100-FUT,D,20150611,000000,4482.7500000,4512.2500000,4474.2500000,4475.5000000,129024
NQ-100-FUT,D,20150612,000000,4476.2500000,4481.5000000,4440.5000000,4447.5000000,122796
NQ-100-FUT,D,20150614,000000,4430.0000000,4433.0000000,4417.0000000,4424.5000000,4468
NQ-100-FUT,D,20150615,000000,4424.7500000,4437.2500000,4386.5000000,4419.5000000,181887
NQ-100-FUT,D,20150616,000000,4419.2500000,4456.5000000,4395.7500000,4450.5000000,145218
NQ-100-FUT,D,20150617,000000,4450.2500000,4476.0000000,4431.2500000,4444.2500000,185357
NQ-100-FUT,D,20150618,000000,4444.0000000,4535.0000000,4440.0000000,4528.0000000,244091
NQ-100-FUT,D,20150619,000000,4528.0000000,4539.7500000,4496.2500000,4496.2500000,156407
NQ-100-FUT,D,20150621,000000,4512.5000000,4521.2500000,4512.2500000,4516.2500000,2537
NQ-100-FUT,D,20150622,000000,4516.7500000,4552.2500000,4514.2500000,4542.5000000,155248
NQ-100-FUT,D,20150623,000000,4543.0000000,4548.7500000,4522.7500000,4540.5000000,113734
NQ-100-FUT,D,20150624,000000,4540.2500000,4555.2500000,4514.5000000,4525.2500000,165114
NQ-100-FUT,D,20150625,000000,4525.7500000,4547.5000000,4498.7500000,4504.2500000,168363
NQ-100-FUT,D,20150626,000000,4504.5000000,4517.0000000,4459.7500000,4480.0000000,216673
NQ-100-FUT,D,20150628,000000,4429.7500000,4429.7500000,4400.0000000,4415.0000000,13843
NQ-100-FUT,D,20150629,000000,4415.5000000,4451.5000000,4368.2500000,4389.0000000,318458
NQ-100-FUT,D,20150630,000000,4389.5000000,4412.2500000,4372.0000000,4403.7500000,281308
NQ-100-FUT,D,20150701,000000,4404.0000000,4441.7500000,4399.7500000,4418.5000000,185109
NQ-100-FUT,D,20150702,000000,4418.5000000,4441.5000000,4408.2500000,4428.5000000,151538
NQ-100-FUT,D,20150703,000000,4428.2500000,4436.0000000,4412.0000000,4417.7500000,19347
NQ-100-FUT,D,20150705,000000,4428.7500000,4428.7500000,4344.0000000,4373.7500000,10130
NQ-100-FUT,D,20150706,000000,4374.2500000,4437.2500000,4364.5000000,4432.0000000,257568
NQ-100-FUT,D,20150707,000000,4432.0000000,4448.0000000,4334.5000000,4387.7500000,382381
NQ-100-FUT,D,20150708,000000,4387.7500000,4401.7500000,4336.5000000,4371.2500000,328431
NQ-100-FUT,D,20150709,000000,4370.7500000,4408.0000000,4331.7500000,4388.0000000,262760
NQ-100-FUT,D,20150710,000000,4387.2500000,4426.5000000,4374.0000000,4412.5000000,219825
NQ-100-FUT,D,20150712,000000,4384.0000000,4414.5000000,4372.5000000,4406.7500000,9589
NQ-100-FUT,D,20150713,000000,4407.2500000,4491.7500000,4396.0000000,4487.7500000,200005
NQ-100-FUT,D,20150714,000000,4487.7500000,4532.5000000,4487.2500000,4526.0000000,122534
NQ-100-FUT,D,20150715,000000,4525.5000000,4553.5000000,4509.2500000,4547.7500000,187631
NQ-100-FUT,D,20150716,000000,4547.2500000,4618.2500000,4546.2500000,4608.7500000,185073
NQ-100-FUT,D,20150717,000000,4609.0000000,4654.0000000,4607.2500000,4653.5000000,178972
NQ-100-FUT,D,20150719,000000,4649.0000000,4657.2500000,4646.5000000,4651.0000000,2839
NQ-100-FUT,D,20150720,000000,4651.0000000,4686.0000000,4648.5000000,4674.0000000,167483
NQ-100-FUT,D,20150721,000000,4674.2500000,4683.0000000,4610.2500000,4611.7500000,218867
NQ-100-FUT,D,20150722,000000,4611.7500000,4636.5000000,4588.7500000,4632.0000000,227458
NQ-100-FUT,D,20150723,000000,4632.2500000,4634.2500000,4584.2500000,4622.0000000,208360
NQ-100-FUT,D,20150724,000000,4622.5000000,4638.7500000,4544.5000000,4564.0000000,223723
NQ-100-FUT,D,20150726,000000,4562.2500000,4568.2500000,4557.2500000,4560.2500000,4022
NQ-100-FUT,D,20150727,000000,4560.0000000,4566.0000000,4503.5000000,4536.7500000,288677
NQ-100-FUT,D,20150728,000000,4537.2500000,4561.2500000,4497.0000000,4549.7500000,276166
NQ-100-FUT,D,20150729,000000,4549.7500000,4579.5000000,4544.0000000,4561.0000000,220464
NQ-100-FUT,D,20150730,000000,4561.5000000,4598.7500000,4530.7500000,4589.0000000,221384
NQ-100-FUT,D,20150731,000000,4589.2500000,4608.7500000,4576.2500000,4583.2500000,210974
NQ-100-FUT,D,20150802,000000,4583.2500000,4587.2500000,4574.5000000,4577.7500000,3097
NQ-100-FUT,D,20150803,000000,4578.0000000,4599.2500000,4540.5000000,4568.2500000,251738
NQ-100-FUT,D,20150804,000000,4568.5000000,4581.2500000,4543.5000000,4559.2500000,251234
NQ-100-FUT,D,20150805,000000,4559.5000000,4629.0000000,4557.2500000,4590.7500000,241980
NQ-100-FUT,D,20150806,000000,4590.7500000,4608.7500000,4502.7500000,4532.5000000,267692
NQ-100-FUT,D,20150807,000000,4532.7500000,4533.7500000,4480.5000000,4514.2500000,241662
NQ-100-FUT,D,20150809,000000,4514.0000000,4530.0000000,4512.7500000,4528.0000000,4693
NQ-100-FUT,D,20150810,000000,4528.0000000,4584.7500000,4518.7500000,4559.2500000,201161
NQ-100-FUT,D,20150811,000000,4559.5000000,4572.0000000,4474.7500000,4481.7500000,303745
NQ-100-FUT,D,20150812,000000,4481.7500000,4547.5000000,4431.2500000,4545.2500000,350342
NQ-100-FUT,D,20150813,000000,4545.0000000,4557.0000000,4508.7500000,4513.7500000,225444
NQ-100-FUT,D,20150814,000000,4513.2500000,4534.0000000,4499.0000000,4533.0000000,163547
NQ-100-FUT,D,20150816,000000,4532.5000000,4539.2500000,4524.2500000,4530.2500000,3464
NQ-100-FUT,D,20150817,000000,4530.2500000,4573.5000000,4503.2500000,4566.7500000,190373
NQ-100-FUT,D,20150818,000000,4566.5000000,4567.2500000,4533.7500000,4535.2500000,164627
NQ-100-FUT,D,20150819,000000,4535.0000000,4550.2500000,4483.2500000,4512.0000000,325451
NQ-100-FUT,D,20150820,000000,4512.2500000,4513.0000000,4328.7500000,4344.2500000,456697
NQ-100-FUT,D,20150821,000000,4343.7500000,4364.2500000,4189.0000000,4191.7500000,577022
NQ-100-FUT,D,20150823,000000,4183.7500000,4183.7500000,4021.5000000,4025.7500000,51972
NQ-100-FUT,D,20150824,000000,4025.0000000,4196.2500000,3908.2500000,4087.7500000,644349
NQ-100-FUT,D,20150825,000000,4088.5000000,4204.2500000,3958.7500000,4035.5000000,589757
NQ-100-FUT,D,20150826,000000,4035.7500000,4245.2500000,4028.5000000,4229.7500000,572044
NQ-100-FUT,D,20150827,000000,4229.2500000,4340.7500000,4205.2500000,4311.0000000,462968
NQ-100-FUT,D,20150828,000000,4310.7500000,4338.7500000,4281.7500000,4324.2500000,302177
NQ-100-FUT,D,20150830,000000,4324.0000000,4330.2500000,4270.2500000,4296.0000000,22167
NQ-100-FUT,D,20150831,000000,4296.2500000,4323.2500000,4186.7500000,4196.5000000,299067
NQ-100-FUT,D,20150901,000000,4197.0000000,4228.2500000,4118.2500000,4207.0000000,434524
NQ-100-FUT,D,20150902,000000,4207.0000000,4286.5000000,4162.2500000,4258.7500000,308867
NQ-100-FUT,D,20150903,000000,4259.5000000,4304.2500000,4180.0000000,4198.7500000,326265
NQ-100-FUT,D,20150904,000000,4198.7500000,4214.0000000,4155.0000000,4184.7500000,324419
NQ-100-FUT,D,20150906,000000,4181.7500000,4243.7500000,4180.0000000,4236.0000000,12675
NQ-100-FUT,D,20150907,000000,4236.0000000,4239.7500000,4202.0000000,4212.2500000,34273
NQ-100-FUT,D,20150908,000000,4212.0000000,4337.7500000,4208.5000000,4335.7500000,245585
NQ-100-FUT,D,20150909,000000,4335.7500000,4369.5000000,4231.5000000,4253.2500000,325271
NQ-100-FUT,D,20150910,000000,4254.0000000,4327.2500000,4226.5000000,4301.2500000,353112
NQ-100-FUT,D,20150911,000000,4300.5000000,4319.2500000,4249.0000000,4318.5000000,152919
NQ-100-FUT,D,20150913,000000,4319.0000000,4346.5000000,4312.7500000,4321.7500000,6829
NQ-100-FUT,D,20150914,000000,4321.2500000,4338.5000000,4281.5000000,4306.7500000,153491
NQ-100-FUT,D,20150915,000000,4306.5000000,4364.0000000,4280.0000000,4340.2500000,197500
NQ-100-FUT,D,20150916,000000,4340.0000000,4382.2500000,4335.0000000,4378.0000000,175622
NQ-100-FUT,D,20150917,000000,4377.5000000,4441.7500000,4357.0000000,4379.2500000,307283
NQ-100-FUT,D,20150918,000000,4379.2500000,4382.5000000,4299.5000000,4324.7500000,311533
NQ-100-FUT,D,20150920,000000,4324.7500000,4332.2500000,4297.7500000,4303.5000000,7274
NQ-100-FUT,D,20150921,000000,4303.2500000,4361.5000000,4286.5000000,4329.2500000,248843
NQ-100-FUT,D,20150922,000000,4328.7500000,4341.0000000,4220.5000000,4228.5000000,322564
NQ-100-FUT,D,20150923,000000,4229.2500000,4292.7500000,4224.7500000,4249.5000000,234863
NQ-100-FUT,D,20150924,000000,4249.2500000,4278.7500000,4185.2500000,4251.0000000,352779
NQ-100-FUT,D,20150925,000000,4251.2500000,4315.7500000,4185.5000000,4204.5000000,329027
NQ-100-FUT,D,20150927,000000,4202.5000000,4208.2500000,4181.2500000,4206.2500000,8235
NQ-100-FUT,D,20150928,000000,4206.2500000,4239.0000000,4079.5000000,4084.5000000,352926
NQ-100-FUT,D,20150929,000000,4085.0000000,4144.2500000,4040.7500000,4103.7500000,399543
NQ-100-FUT,D,20150930,000000,4103.5000000,4212.2500000,4100.7500000,4207.2500000,328773
NQ-100-FUT,D,20151001,000000,4207.2500000,4225.7500000,4116.2500000,4194.0000000,355744
NQ-100-FUT,D,20151002,000000,4193.5000000,4263.7500000,4111.5000000,4262.5000000,368444
NQ-100-FUT,D,20151004,000000,4257.7500000,4272.2500000,4250.5000000,4268.5000000,9124
NQ-100-FUT,D,20151005,000000,4269.0000000,4306.7500000,4254.0000000,4298.0000000,159104
NQ-100-FUT,D,20151006,000000,4298.2500000,4322.0000000,4263.5000000,4277.5000000,177032
NQ-100-FUT,D,20151007,000000,4287.5000000,4333.7500000,4268.0000000,4285.2500000,227691
NQ-100-FUT,D,20151008,000000,4302.0000000,4314.0000000,4265.0000000,4270.5000000,160635
NQ-100-FUT,D,20151009,000000,4352.5000000,4369.2500000,4324.5000000,4349.0000000,146608
NQ-100-FUT,D,20151011,000000,4355.0000000,4358.5000000,4346.2500000,4354.5000000,3845
NQ-100-FUT,D,20151012,000000,4354.5000000,4381.5000000,4352.0000000,4369.7500000,126260
NQ-100-FUT,D,20151013,000000,4369.7500000,4390.7500000,4325.7500000,4336.5000000,230345
NQ-100-FUT,D,20151014,000000,4336.2500000,4365.2500000,4317.5000000,4359.2500000,285340
NQ-100-FUT,D,20151015,000000,4358.7500000,4422.0000000,4346.5000000,4410.0000000,265648
NQ-100-FUT,D,20151016,000000,4410.0000000,4439.0000000,4396.0000000,4438.7500000,197614
NQ-100-FUT,D,20151018,000000,4434.5000000,4438.2500000,4420.7500000,4422.7500000,7158
NQ-100-FUT,D,20151019,000000,4423.2500000,4455.5000000,4411.0000000,4451.5000000,195791
NQ-100-FUT,D,20151020,000000,4451.5000000,4456.0000000,4414.0000000,4436.5000000,199648
NQ-100-FUT,D,20151021,000000,4436.5000000,4456.2500000,4394.7500000,4412.7500000,286572
NQ-100-FUT,D,20151022,000000,4412.7500000,4586.0000000,4409.0000000,4571.5000000,343761
NQ-100-FUT,D,20151023,000000,4571.7500000,4637.5000000,4564.7500000,4610.7500000,342793
NQ-100-FUT,D,20151025,000000,4614.0000000,4614.0000000,4603.7500000,4604.0000000,5282
NQ-100-FUT,D,20151026,000000,4604.2500000,4630.0000000,4592.7500000,4604.7500000,182485
NQ-100-FUT,D,20151027,000000,4604.7500000,4651.7500000,4601.2500000,4637.0000000,212059
NQ-100-FUT,D,20151028,000000,4636.7500000,4678.2500000,4600.5000000,4654.0000000,299854
NQ-100-FUT,D,20151029,000000,4654.2500000,4685.5000000,4642.7500000,4682.7500000,186139
NQ-100-FUT,D,20151030,000000,4682.2500000,4690.2500000,4636.0000000,4645.0000000,200109
NQ-100-FUT,D,20151101,000000,4644.5000000,4644.5000000,4625.5000000,4627.2500000,8663
NQ-100-FUT,D,20151102,000000,4627.2500000,4699.5000000,4625.0000000,4694.0000000,156200
NQ-100-FUT,D,20151103,000000,4694.0000000,4728.0000000,4677.0000000,4719.7500000,189045
NQ-100-FUT,D,20151104,000000,4719.2500000,4729.7500000,4691.2500000,4711.2500000,226636
NQ-100-FUT,D,20151105,000000,4712.0000000,4727.5000000,4673.7500000,4694.0000000,209409
NQ-100-FUT,D,20151106,000000,4693.7500000,4708.7500000,4658.7500000,4703.0000000,271127
NQ-100-FUT,D,20151108,000000,4701.2500000,4712.7500000,4696.2500000,4709.7500000,8032
NQ-100-FUT,D,20151109,000000,4709.7500000,4711.2500000,4623.2500000,4659.2500000,245046
NQ-100-FUT,D,20151110,000000,4659.7500000,4661.5000000,4612.5000000,4647.0000000,226508
NQ-100-FUT,D,20151111,000000,4646.7500000,4674.7500000,4625.2500000,4645.2500000,220022
NQ-100-FUT,D,20151112,000000,4645.0000000,4653.2500000,4576.5000000,4581.2500000,262834
NQ-100-FUT,D,20151113,000000,4581.0000000,4590.2500000,4485.7500000,4489.0000000,332793
NQ-100-FUT,D,20151115,000000,4478.2500000,4488.0000000,4455.0000000,4483.2500000,12061
NQ-100-FUT,D,20151116,000000,4483.2500000,4572.7500000,4478.0000000,4565.7500000,275223
NQ-100-FUT,D,20151117,000000,4565.5000000,4597.7500000,4552.0000000,4564.5000000,267201
NQ-100-FUT,D,20151118,000000,4564.7500000,4665.5000000,4556.2500000,4657.2500000,242862
NQ-100-FUT,D,20151119,000000,4657.2500000,4677.0000000,4646.7500000,4656.5000000,207253
NQ-100-FUT,D,20151120,000000,4656.2500000,4691.5000000,4655.5000000,4690.0000000,174513
NQ-100-FUT,D,20151122,000000,4689.5000000,4697.5000000,4687.7500000,4694.0000000,3746
NQ-100-FUT,D,20151123,000000,4693.7500000,4706.7500000,4653.7500000,4675.5000000,160630
NQ-100-FUT,D,20151124,000000,4675.2500000,4684.5000000,4620.0000000,4667.7500000,229130
NQ-100-FUT,D,20151125,000000,4668.0000000,4687.7500000,4661.2500000,4683.5000000,116728
NQ-100-FUT,D,20151126,000000,4683.5000000,4703.2500000,4678.7500000,4690.0000000,20930
NQ-100-FUT,D,20151127,000000,4690.2500000,4693.7500000,4664.7500000,4682.5000000,81991
NQ-100-FUT,D,20151129,000000,4685.5000000,4685.5000000,4672.2500000,4675.0000000,3181
NQ-100-FUT,D,20151130,000000,4675.0000000,4700.5000000,4653.5000000,4694.0000000,180175
NQ-100-FUT,D,20151201,000000,4693.7500000,4719.5000000,4676.5000000,4719.0000000,192920
NQ-100-FUT,D,20151202,000000,4719.0000000,4739.5000000,4678.5000000,4705.0000000,232174
NQ-100-FUT,D,20151203,000000,4705.2500000,4730.2500000,4579.0000000,4621.2500000,372321
NQ-100-FUT,D,20151204,000000,4621.5000000,4723.2500000,4603.0000000,4714.5000000,289199
NQ-100-FUT,D,20151206,000000,4711.2500000,4715.7500000,4705.5000000,4712.0000000,3121
NQ-100-FUT,D,20151207,000000,4712.2500000,4730.0000000,4670.5000000,4679.5000000,222266
NQ-100-FUT,D,20151208,000000,4679.0000000,4709.0000000,4641.2500000,4697.7500000,290484
NQ-100-FUT,D,20151209,000000,4697.7500000,4707.5000000,4593.2500000,4635.0000000,367137
NQ-100-FUT,D,20151210,000000,4634.7500000,4674.5000000,4618.2500000,4645.0000000,230102
NQ-100-FUT,D,20151211,000000,4644.7500000,4651.0000000,4521.5000000,4527.2500000,239196
NQ-100-FUT,D,20151213,000000,4527.2500000,4547.2500000,4526.2500000,4545.2500000,8237
NQ-100-FUT,D,20151214,000000,4545.2500000,4579.5000000,4471.2500000,4568.7500000,332364
NQ-100-FUT,D,20151215,000000,4569.0000000,4633.0000000,4560.5000000,4616.0000000,247142
NQ-100-FUT,D,20151216,000000,4616.0000000,4669.7500000,4575.0000000,4645.5000000,250996
NQ-100-FUT,D,20151217,000000,4645.2500000,4683.7500000,4547.0000000,4561.2500000,281294
NQ-100-FUT,D,20151218,000000,4561.5000000,4588.2500000,4502.2500000,4510.0000000,297753
NQ-100-FUT,D,20151220,000000,4513.7500000,4526.0000000,4512.0000000,4523.7500000,7373
NQ-100-FUT,D,20151221,000000,4523.7500000,4576.5000000,4511.7500000,4566.5000000,175124
NQ-100-FUT,D,20151222,000000,4566.7500000,4594.5000000,4541.2500000,4585.7500000,161042
NQ-100-FUT,D,20151223,000000,4586.2500000,4620.2500000,4584.2500000,4607.2500000,141475
NQ-100-FUT,D,20151224,000000,4607.0000000,4630.0000000,4600.7500000,4611.0000000,58638
NQ-100-FUT,D,20151227,000000,4611.0000000,4619.0000000,4610.2500000,4617.5000000,2215
NQ-100-FUT,D,20151228,000000,4617.0000000,4623.5000000,4571.5000000,4621.5000000,111756
NQ-100-FUT,D,20151229,000000,4621.5000000,4697.7500000,4619.2500000,4689.5000000,152062
NQ-100-FUT,D,20151230,000000,4689.2500000,4690.7500000,4643.5000000,4648.0000000,116088
NQ-100-FUT,D,20151231,000000,4647.7500000,4654.5000000,4579.5000000,4592.5000000,157695
