<TICKER>,<PER>,<DATE>,<TIME>,<OPEN>,<HIGH>,<LOW>,<CLOSE>,<VOL>
SPFB.MIX,D,20140106,000000,151340.0000000,152660.0000000,147440.0000000,147650.0000000,2566
SPFB.MIX,D,20140108,000000,147900.0000000,148680.0000000,147550.0000000,147730.0000000,2546
SPFB.MIX,D,20140109,000000,147680.0000000,148570.0000000,146610.0000000,146990.0000000,2138
SPFB.MIX,D,20140110,000000,147400.0000000,149160.0000000,147050.0000000,148710.0000000,3777
SPFB.MIX,D,20140113,000000,148760.0000000,150000.0000000,147620.0000000,147700.0000000,3782
SPFB.MIX,D,20140114,000000,147600.0000000,149310.0000000,146860.0000000,149240.0000000,4425
SPFB.MIX,D,20140115,000000,149330.0000000,151000.0000000,149160.0000000,150680.0000000,3413
SPFB.MIX,D,20140116,000000,150640.0000000,150920.0000000,148630.0000000,149190.0000000,2970
SPFB.MIX,D,20140117,000000,149100.0000000,150990.0000000,148790.0000000,150020.0000000,3002
SPFB.MIX,D,20140120,000000,149940.0000000,151380.0000000,149510.0000000,151280.0000000,3750
SPFB.MIX,D,20140121,000000,151400.0000000,152100.0000000,150770.0000000,151170.0000000,5624
SPFB.MIX,D,20140122,000000,151450.0000000,151760.0000000,150350.0000000,151680.0000000,3700
SPFB.MIX,D,20140123,000000,151410.0000000,152530.0000000,148580.0000000,148840.0000000,4692
SPFB.MIX,D,20140124,000000,149030.0000000,151110.0000000,148880.0000000,149110.0000000,6416
SPFB.MIX,D,20140127,000000,148910.0000000,150790.0000000,148140.0000000,149120.0000000,7144
SPFB.MIX,D,20140128,000000,149200.0000000,149900.0000000,148060.0000000,148730.0000000,6171
SPFB.MIX,D,20140129,000000,148730.0000000,150750.0000000,146750.0000000,147680.0000000,15784
SPFB.MIX,D,20140130,000000,147640.0000000,148420.0000000,145500.0000000,147270.0000000,9369
SPFB.MIX,D,20140131,000000,147160.0000000,148300.0000000,145840.0000000,148000.0000000,9562
SPFB.MIX,D,20140203,000000,147780.0000000,147780.0000000,143800.0000000,144000.0000000,6796
SPFB.MIX,D,20140204,000000,144080.0000000,145930.0000000,143700.0000000,145530.0000000,6639
SPFB.MIX,D,20140205,000000,145170.0000000,147200.0000000,144640.0000000,146940.0000000,7305
SPFB.MIX,D,20140206,000000,147000.0000000,148790.0000000,146270.0000000,148660.0000000,4208
SPFB.MIX,D,20140207,000000,148580.0000000,149180.0000000,147500.0000000,149070.0000000,4465
SPFB.MIX,D,20140210,000000,149190.0000000,149390.0000000,147420.0000000,147960.0000000,2415
SPFB.MIX,D,20140211,000000,148200.0000000,149800.0000000,148140.0000000,149800.0000000,5282
SPFB.MIX,D,20140212,000000,149900.0000000,151000.0000000,149650.0000000,150330.0000000,3661
SPFB.MIX,D,20140213,000000,150010.0000000,150080.0000000,148250.0000000,149890.0000000,5016
SPFB.MIX,D,20140214,000000,149550.0000000,151270.0000000,148930.0000000,151270.0000000,5385
SPFB.MIX,D,20140217,000000,150910.0000000,152420.0000000,150910.0000000,151590.0000000,5560
SPFB.MIX,D,20140218,000000,151760.0000000,152660.0000000,150800.0000000,151430.0000000,5042
SPFB.MIX,D,20140219,000000,151090.0000000,151800.0000000,147700.0000000,148000.0000000,10353
SPFB.MIX,D,20140220,000000,147900.0000000,149170.0000000,147140.0000000,149150.0000000,6446
SPFB.MIX,D,20140221,000000,149290.0000000,149970.0000000,148850.0000000,148920.0000000,5181
SPFB.MIX,D,20140224,000000,149210.0000000,149950.0000000,148400.0000000,149950.0000000,4386
SPFB.MIX,D,20140225,000000,149700.0000000,149940.0000000,147420.0000000,148110.0000000,5765
SPFB.MIX,D,20140226,000000,148340.0000000,148990.0000000,146600.0000000,146900.0000000,4876
SPFB.MIX,D,20140227,000000,147280.0000000,147880.0000000,143050.0000000,144940.0000000,9201
SPFB.MIX,D,20140228,000000,144940.0000000,146000.0000000,143050.0000000,143500.0000000,9452
SPFB.MIX,D,20140303,000000,143100.0000000,143100.0000000,126840.0000000,132630.0000000,3924
SPFB.MIX,D,20140304,000000,133690.0000000,136890.0000000,132020.0000000,135100.0000000,3712
SPFB.MIX,D,20140305,000000,135200.0000000,136180.0000000,133100.0000000,135250.0000000,4211
SPFB.MIX,D,20140306,000000,135340.0000000,137520.0000000,129810.0000000,132700.0000000,3863
SPFB.MIX,D,20140307,000000,132990.0000000,136200.0000000,131660.0000000,131870.0000000,2787
SPFB.MIX,D,20140311,000000,134800.0000000,134800.0000000,130010.0000000,130010.0000000,50
SPFB.MIX,D,20140312,000000,130000.0000000,133490.0000000,127000.0000000,127000.0000000,57
SPFB.MIX,D,20140313,000000,130310.0000000,130310.0000000,120700.0000000,122000.0000000,336
SPFB.MIX,D,20140314,000000,122290.0000000,125890.0000000,118400.0000000,124920.0000000,1555
SPFB.MIX,D,20140317,000000,125830.0000000,129300.0000000,122760.0000000,128660.0000000,3072
SPFB.MIX,D,20140318,000000,128450.0000000,134450.0000000,127120.0000000,133250.0000000,6025
SPFB.MIX,D,20140319,000000,132810.0000000,134710.0000000,129500.0000000,130090.0000000,3431
SPFB.MIX,D,20140320,000000,129620.0000000,132310.0000000,126710.0000000,127440.0000000,4089
SPFB.MIX,D,20140321,000000,127120.0000000,131110.0000000,125670.0000000,130200.0000000,5528
SPFB.MIX,D,20140324,000000,130200.0000000,133280.0000000,127880.0000000,128660.0000000,4617
SPFB.MIX,D,20140325,000000,128950.0000000,133200.0000000,127870.0000000,132240.0000000,6623
SPFB.MIX,D,20140326,000000,132710.0000000,136420.0000000,132500.0000000,133710.0000000,5345
SPFB.MIX,D,20140327,000000,133970.0000000,135130.0000000,132220.0000000,133710.0000000,4702
SPFB.MIX,D,20140328,000000,133990.0000000,135850.0000000,132460.0000000,132500.0000000,3543
SPFB.MIX,D,20140331,000000,133000.0000000,136920.0000000,133000.0000000,136300.0000000,4055
SPFB.MIX,D,20140401,000000,136670.0000000,137960.0000000,135590.0000000,137040.0000000,3265
SPFB.MIX,D,20140402,000000,137040.0000000,137750.0000000,135220.0000000,137440.0000000,3163
SPFB.MIX,D,20140403,000000,137440.0000000,137970.0000000,135030.0000000,135800.0000000,3344
SPFB.MIX,D,20140404,000000,135870.0000000,138460.0000000,135310.0000000,135780.0000000,4196
SPFB.MIX,D,20140407,000000,135850.0000000,136010.0000000,132080.0000000,133400.0000000,5039
SPFB.MIX,D,20140408,000000,133400.0000000,134100.0000000,132050.0000000,133510.0000000,3968
SPFB.MIX,D,20140409,000000,133390.0000000,133580.0000000,131700.0000000,133240.0000000,5168
SPFB.MIX,D,20140410,000000,133330.0000000,134620.0000000,132500.0000000,132500.0000000,4262
SPFB.MIX,D,20140411,000000,133000.0000000,135510.0000000,132230.0000000,134830.0000000,3522
SPFB.MIX,D,20140414,000000,134430.0000000,134440.0000000,131580.0000000,132240.0000000,5616
SPFB.MIX,D,20140415,000000,132610.0000000,133360.0000000,127430.0000000,129100.0000000,4715
SPFB.MIX,D,20140416,000000,129500.0000000,131150.0000000,128090.0000000,130940.0000000,5103
SPFB.MIX,D,20140417,000000,130620.0000000,135560.0000000,128910.0000000,135080.0000000,3869
SPFB.MIX,D,20140418,000000,134830.0000000,135090.0000000,133450.0000000,133860.0000000,1799
SPFB.MIX,D,20140421,000000,133820.0000000,134490.0000000,130750.0000000,131450.0000000,4444
SPFB.MIX,D,20140422,000000,131600.0000000,132470.0000000,130330.0000000,130840.0000000,5877
SPFB.MIX,D,20140423,000000,130980.0000000,131640.0000000,129720.0000000,130680.0000000,4866
SPFB.MIX,D,20140424,000000,130890.0000000,131230.0000000,126020.0000000,127070.0000000,6921
SPFB.MIX,D,20140425,000000,126600.0000000,126860.0000000,123340.0000000,123850.0000000,6804
SPFB.MIX,D,20140428,000000,124050.0000000,129590.0000000,122510.0000000,129340.0000000,9796
SPFB.MIX,D,20140429,000000,129200.0000000,129610.0000000,127090.0000000,128200.0000000,6687
SPFB.MIX,D,20140430,000000,128060.0000000,128060.0000000,126070.0000000,127210.0000000,3940
SPFB.MIX,D,20140502,000000,127120.0000000,127220.0000000,125560.0000000,126600.0000000,1943
SPFB.MIX,D,20140505,000000,126040.0000000,127210.0000000,125000.0000000,126140.0000000,2844
SPFB.MIX,D,20140506,000000,126750.0000000,129720.0000000,126700.0000000,128640.0000000,4817
SPFB.MIX,D,20140507,000000,128150.0000000,136010.0000000,128150.0000000,134000.0000000,8280
SPFB.MIX,D,20140508,000000,134050.0000000,136200.0000000,132900.0000000,135020.0000000,7433
SPFB.MIX,D,20140512,000000,134630.0000000,136600.0000000,133750.0000000,135360.0000000,4860
SPFB.MIX,D,20140513,000000,135610.0000000,137660.0000000,135230.0000000,136090.0000000,3630
SPFB.MIX,D,20140514,000000,136020.0000000,138000.0000000,135320.0000000,137220.0000000,3151
SPFB.MIX,D,20140515,000000,137110.0000000,138000.0000000,135580.0000000,136050.0000000,3553
SPFB.MIX,D,20140516,000000,135760.0000000,138000.0000000,135170.0000000,137800.0000000,4810
SPFB.MIX,D,20140519,000000,137350.0000000,140700.0000000,137300.0000000,140340.0000000,5386
SPFB.MIX,D,20140520,000000,140720.0000000,142920.0000000,139420.0000000,142310.0000000,6255
SPFB.MIX,D,20140521,000000,142100.0000000,143750.0000000,140260.0000000,143000.0000000,6852
SPFB.MIX,D,20140522,000000,143410.0000000,143490.0000000,140700.0000000,141450.0000000,5538
SPFB.MIX,D,20140523,000000,141840.0000000,143280.0000000,140950.0000000,142710.0000000,5363
SPFB.MIX,D,20140526,000000,143070.0000000,144950.0000000,142500.0000000,143150.0000000,4728
SPFB.MIX,D,20140527,000000,143180.0000000,143320.0000000,139230.0000000,140200.0000000,5062
SPFB.MIX,D,20140528,000000,140350.0000000,141570.0000000,139230.0000000,141400.0000000,5099
SPFB.MIX,D,20140529,000000,141300.0000000,143670.0000000,141140.0000000,143400.0000000,5296
SPFB.MIX,D,20140530,000000,143010.0000000,143340.0000000,141450.0000000,142390.0000000,4154
SPFB.MIX,D,20140602,000000,142550.0000000,149200.0000000,140000.0000000,143750.0000000,9295
SPFB.MIX,D,20140603,000000,143990.0000000,146750.0000000,143200.0000000,146050.0000000,4802
SPFB.MIX,D,20140604,000000,145850.0000000,146950.0000000,145050.0000000,145800.0000000,3228
SPFB.MIX,D,20140605,000000,145950.0000000,147050.0000000,144860.0000000,145880.0000000,3231
SPFB.MIX,D,20140606,000000,146010.0000000,147590.0000000,143890.0000000,147090.0000000,3629
SPFB.MIX,D,20140609,000000,147380.0000000,148400.0000000,146600.0000000,147160.0000000,4182
SPFB.MIX,D,20140610,000000,146900.0000000,147810.0000000,145400.0000000,145510.0000000,2538
SPFB.MIX,D,20140611,000000,145950.0000000,146600.0000000,144600.0000000,146050.0000000,1000
SPFB.MIX,D,20140613,000000,146300.0000000,146850.0000000,143530.0000000,144220.0000000,655
SPFB.MIX,D,20140616,000000,143510.0000000,146470.0000000,142560.0000000,145500.0000000,3579
SPFB.MIX,D,20140617,000000,145560.0000000,146900.0000000,144680.0000000,145800.0000000,2847
SPFB.MIX,D,20140618,000000,145500.0000000,148100.0000000,145350.0000000,147840.0000000,3690
SPFB.MIX,D,20140619,000000,148040.0000000,148430.0000000,146040.0000000,146600.0000000,3391
SPFB.MIX,D,20140620,000000,146700.0000000,146850.0000000,145120.0000000,146120.0000000,3285
SPFB.MIX,D,20140623,000000,146300.0000000,147320.0000000,145030.0000000,146400.0000000,4405
SPFB.MIX,D,20140624,000000,146300.0000000,149900.0000000,146160.0000000,148580.0000000,6274
SPFB.MIX,D,20140625,000000,148350.0000000,148950.0000000,144950.0000000,145900.0000000,7846
SPFB.MIX,D,20140626,000000,145970.0000000,146260.0000000,143410.0000000,144730.0000000,5848
SPFB.MIX,D,20140627,000000,144590.0000000,145420.0000000,143700.0000000,144770.0000000,3018
SPFB.MIX,D,20140630,000000,144920.0000000,145010.0000000,143220.0000000,143880.0000000,3735
SPFB.MIX,D,20140701,000000,143990.0000000,146100.0000000,143210.0000000,145550.0000000,3440
SPFB.MIX,D,20140702,000000,145740.0000000,149080.0000000,145400.0000000,148880.0000000,5990
SPFB.MIX,D,20140703,000000,148860.0000000,149510.0000000,148160.0000000,148660.0000000,3737
SPFB.MIX,D,20140704,000000,148700.0000000,149050.0000000,144770.0000000,146310.0000000,4279
SPFB.MIX,D,20140707,000000,146470.0000000,149750.0000000,145900.0000000,149470.0000000,4521
SPFB.MIX,D,20140708,000000,149390.0000000,151480.0000000,148130.0000000,148720.0000000,7888
SPFB.MIX,D,20140709,000000,148900.0000000,150150.0000000,147640.0000000,149760.0000000,6897
SPFB.MIX,D,20140710,000000,149700.0000000,150800.0000000,146200.0000000,147750.0000000,8607
SPFB.MIX,D,20140711,000000,147750.0000000,148700.0000000,146970.0000000,148400.0000000,5319
SPFB.MIX,D,20140714,000000,148300.0000000,149110.0000000,146700.0000000,147440.0000000,4769
SPFB.MIX,D,20140715,000000,147500.0000000,148270.0000000,146250.0000000,146630.0000000,5888
SPFB.MIX,D,20140716,000000,146480.0000000,149030.0000000,146200.0000000,148380.0000000,7438
SPFB.MIX,D,20140717,000000,148210.0000000,148790.0000000,141070.0000000,141400.0000000,14016
SPFB.MIX,D,20140718,000000,141500.0000000,143640.0000000,141500.0000000,143030.0000000,11214
SPFB.MIX,D,20140721,000000,142630.0000000,142730.0000000,138260.0000000,140100.0000000,7111
SPFB.MIX,D,20140722,000000,140330.0000000,142250.0000000,139900.0000000,141500.0000000,6987
SPFB.MIX,D,20140723,000000,141210.0000000,142830.0000000,140050.0000000,140710.0000000,5379
SPFB.MIX,D,20140724,000000,140610.0000000,143390.0000000,140060.0000000,141070.0000000,6184
SPFB.MIX,D,20140725,000000,141400.0000000,141660.0000000,139220.0000000,139270.0000000,5577
SPFB.MIX,D,20140728,000000,138000.0000000,138975.0000000,136425.0000000,137925.0000000,6332
SPFB.MIX,D,20140729,000000,137500.0000000,139000.0000000,136325.0000000,136625.0000000,8153
SPFB.MIX,D,20140730,000000,136750.0000000,141150.0000000,136500.0000000,139125.0000000,7461
SPFB.MIX,D,20140731,000000,139375.0000000,140650.0000000,137400.0000000,138000.0000000,4774
SPFB.MIX,D,20140801,000000,138100.0000000,138475.0000000,136350.0000000,137600.0000000,5115
SPFB.MIX,D,20140804,000000,138000.0000000,139325.0000000,137025.0000000,139150.0000000,3360
SPFB.MIX,D,20140805,000000,139000.0000000,139000.0000000,135650.0000000,136150.0000000,4310
SPFB.MIX,D,20140806,000000,135800.0000000,136800.0000000,132500.0000000,132875.0000000,8403
SPFB.MIX,D,20140807,000000,133000.0000000,134750.0000000,131250.0000000,134050.0000000,6534
SPFB.MIX,D,20140808,000000,133900.0000000,137200.0000000,133475.0000000,137100.0000000,6100
SPFB.MIX,D,20140811,000000,137500.0000000,139200.0000000,136800.0000000,138075.0000000,5687
SPFB.MIX,D,20140812,000000,138100.0000000,139250.0000000,137200.0000000,138250.0000000,2840
SPFB.MIX,D,20140813,000000,138125.0000000,140775.0000000,138000.0000000,139625.0000000,5594
SPFB.MIX,D,20140814,000000,139950.0000000,141775.0000000,139500.0000000,140850.0000000,6305
SPFB.MIX,D,20140815,000000,141075.0000000,142975.0000000,139700.0000000,140950.0000000,7475
SPFB.MIX,D,20140818,000000,141375.0000000,143275.0000000,141375.0000000,142950.0000000,2938
SPFB.MIX,D,20140819,000000,143200.0000000,144825.0000000,143100.0000000,144525.0000000,5306
SPFB.MIX,D,20140820,000000,144400.0000000,145550.0000000,143675.0000000,145225.0000000,3964
SPFB.MIX,D,20140821,000000,145125.0000000,147525.0000000,145025.0000000,146300.0000000,5492
SPFB.MIX,D,20140822,000000,146450.0000000,146525.0000000,143875.0000000,144125.0000000,9147
SPFB.MIX,D,20140825,000000,144475.0000000,146575.0000000,144475.0000000,146350.0000000,3121
SPFB.MIX,D,20140826,000000,146200.0000000,146575.0000000,144500.0000000,145750.0000000,2570
SPFB.MIX,D,20140827,000000,145550.0000000,146250.0000000,144750.0000000,145000.0000000,4505
SPFB.MIX,D,20140828,000000,145025.0000000,145100.0000000,141750.0000000,142300.0000000,8914
SPFB.MIX,D,20140829,000000,142550.0000000,143425.0000000,139775.0000000,140300.0000000,5145
SPFB.MIX,D,20140901,000000,140400.0000000,142425.0000000,138600.0000000,138975.0000000,7879
SPFB.MIX,D,20140902,000000,139300.0000000,140450.0000000,138675.0000000,139850.0000000,3566
SPFB.MIX,D,20140903,000000,140200.0000000,145900.0000000,139900.0000000,145800.0000000,10638
SPFB.MIX,D,20140904,000000,145700.0000000,146675.0000000,144300.0000000,144750.0000000,3321
SPFB.MIX,D,20140905,000000,144850.0000000,149025.0000000,144850.0000000,148000.0000000,6199
SPFB.MIX,D,20140908,000000,147850.0000000,148250.0000000,146225.0000000,147350.0000000,4251
SPFB.MIX,D,20140909,000000,147025.0000000,148250.0000000,145650.0000000,145875.0000000,2411
SPFB.MIX,D,20140910,000000,146950.0000000,149450.0000000,146650.0000000,149050.0000000,1873
SPFB.MIX,D,20140911,000000,148800.0000000,148825.0000000,145125.0000000,145550.0000000,1929
SPFB.MIX,D,20140912,000000,145425.0000000,147900.0000000,144700.0000000,146725.0000000,4678
SPFB.MIX,D,20140915,000000,146400.0000000,147325.0000000,145225.0000000,145825.0000000,6143
SPFB.MIX,D,20140916,000000,146150.0000000,150900.0000000,145675.0000000,148350.0000000,6584
SPFB.MIX,D,20140917,000000,148550.0000000,148550.0000000,144650.0000000,145550.0000000,4667
SPFB.MIX,D,20140918,000000,145500.0000000,147025.0000000,143450.0000000,144450.0000000,3853
SPFB.MIX,D,20140919,000000,144600.0000000,146600.0000000,142775.0000000,143375.0000000,6357
SPFB.MIX,D,20140922,000000,143025.0000000,144750.0000000,141600.0000000,142100.0000000,4300
SPFB.MIX,D,20140923,000000,142300.0000000,144850.0000000,142225.0000000,144200.0000000,4459
SPFB.MIX,D,20140924,000000,144500.0000000,145900.0000000,144375.0000000,145700.0000000,2972
SPFB.MIX,D,20140925,000000,145900.0000000,146500.0000000,142950.0000000,143625.0000000,2997
SPFB.MIX,D,20140926,000000,143675.0000000,145750.0000000,143200.0000000,145500.0000000,3657
SPFB.MIX,D,20140929,000000,145400.0000000,145500.0000000,141075.0000000,142050.0000000,6338
SPFB.MIX,D,20140930,000000,142275.0000000,143750.0000000,140350.0000000,140875.0000000,8956
SPFB.MIX,D,20141001,000000,140675.0000000,142900.0000000,139250.0000000,139525.0000000,5256
SPFB.MIX,D,20141002,000000,139875.0000000,140575.0000000,136700.0000000,138575.0000000,5994
SPFB.MIX,D,20141003,000000,138600.0000000,140350.0000000,138150.0000000,139975.0000000,3889
SPFB.MIX,D,20141006,000000,140300.0000000,142850.0000000,139900.0000000,141850.0000000,4459
SPFB.MIX,D,20141007,000000,141600.0000000,142450.0000000,139100.0000000,139675.0000000,5902
SPFB.MIX,D,20141008,000000,139000.0000000,140525.0000000,137200.0000000,140350.0000000,6508
SPFB.MIX,D,20141009,000000,140425.0000000,140925.0000000,137550.0000000,137750.0000000,6974
SPFB.MIX,D,20141010,000000,137500.0000000,137850.0000000,136000.0000000,136875.0000000,5504
SPFB.MIX,D,20141013,000000,136500.0000000,140300.0000000,135875.0000000,138650.0000000,8396
SPFB.MIX,D,20141014,000000,138800.0000000,142075.0000000,138725.0000000,139525.0000000,9108
SPFB.MIX,D,20141015,000000,139500.0000000,140625.0000000,137150.0000000,138975.0000000,6239
SPFB.MIX,D,20141016,000000,139000.0000000,140500.0000000,136000.0000000,137575.0000000,10368
SPFB.MIX,D,20141017,000000,137325.0000000,141500.0000000,137225.0000000,139400.0000000,7421
SPFB.MIX,D,20141020,000000,139675.0000000,140325.0000000,137475.0000000,138275.0000000,5458
SPFB.MIX,D,20141021,000000,138200.0000000,139600.0000000,136600.0000000,139000.0000000,6273
SPFB.MIX,D,20141022,000000,139300.0000000,139800.0000000,136500.0000000,137100.0000000,4483
SPFB.MIX,D,20141023,000000,137475.0000000,138550.0000000,135800.0000000,137725.0000000,6072
SPFB.MIX,D,20141024,000000,137550.0000000,141125.0000000,136925.0000000,140700.0000000,4682
SPFB.MIX,D,20141027,000000,140925.0000000,141650.0000000,139250.0000000,140400.0000000,6165
SPFB.MIX,D,20141028,000000,140900.0000000,143675.0000000,140475.0000000,143200.0000000,7375
SPFB.MIX,D,20141029,000000,143200.0000000,145450.0000000,142000.0000000,144300.0000000,7064
SPFB.MIX,D,20141030,000000,144625.0000000,146950.0000000,143650.0000000,145800.0000000,11949
SPFB.MIX,D,20141031,000000,145800.0000000,149600.0000000,145800.0000000,148350.0000000,8779
SPFB.MIX,D,20141103,000000,148650.0000000,150500.0000000,148100.0000000,148100.0000000,3753
SPFB.MIX,D,20141105,000000,148500.0000000,150975.0000000,147750.0000000,150800.0000000,9961
SPFB.MIX,D,20141106,000000,150700.0000000,153050.0000000,148875.0000000,150350.0000000,10069
SPFB.MIX,D,20141107,000000,150100.0000000,153450.0000000,148800.0000000,150600.0000000,16360
SPFB.MIX,D,20141110,000000,150425.0000000,152000.0000000,149275.0000000,151400.0000000,7876
SPFB.MIX,D,20141111,000000,151250.0000000,153575.0000000,151250.0000000,152150.0000000,12101
SPFB.MIX,D,20141112,000000,151875.0000000,152850.0000000,150975.0000000,151825.0000000,7537
SPFB.MIX,D,20141113,000000,151875.0000000,152625.0000000,148100.0000000,149275.0000000,12774
SPFB.MIX,D,20141114,000000,148650.0000000,151250.0000000,148300.0000000,150925.0000000,10504
SPFB.MIX,D,20141117,000000,150750.0000000,152250.0000000,148850.0000000,150850.0000000,8896
SPFB.MIX,D,20141118,000000,151050.0000000,152825.0000000,149625.0000000,151675.0000000,13796
SPFB.MIX,D,20141119,000000,151775.0000000,153250.0000000,151300.0000000,152550.0000000,7431
SPFB.MIX,D,20141120,000000,152500.0000000,153950.0000000,151875.0000000,152500.0000000,6446
SPFB.MIX,D,20141121,000000,152700.0000000,154450.0000000,151600.0000000,154000.0000000,10144
SPFB.MIX,D,20141124,000000,153850.0000000,154625.0000000,152625.0000000,153150.0000000,10416
SPFB.MIX,D,20141125,000000,153075.0000000,154000.0000000,152050.0000000,152650.0000000,9916
SPFB.MIX,D,20141126,000000,152775.0000000,154675.0000000,152375.0000000,153800.0000000,8170
SPFB.MIX,D,20141127,000000,153675.0000000,155200.0000000,152125.0000000,153200.0000000,11312
SPFB.MIX,D,20141128,000000,153000.0000000,154125.0000000,152000.0000000,153300.0000000,19746
SPFB.MIX,D,20141201,000000,153025.0000000,160450.0000000,152200.0000000,158800.0000000,21424
SPFB.MIX,D,20141202,000000,158950.0000000,160200.0000000,155575.0000000,158625.0000000,18972
SPFB.MIX,D,20141203,000000,158525.0000000,161400.0000000,157750.0000000,160000.0000000,17442
SPFB.MIX,D,20141204,000000,159575.0000000,162800.0000000,157725.0000000,158500.0000000,15694
SPFB.MIX,D,20141205,000000,158400.0000000,158775.0000000,152625.0000000,153375.0000000,15855
SPFB.MIX,D,20141208,000000,153800.0000000,155425.0000000,147800.0000000,148750.0000000,18395
SPFB.MIX,D,20141209,000000,148700.0000000,149775.0000000,146400.0000000,149050.0000000,10804
SPFB.MIX,D,20141210,000000,150350.0000000,153075.0000000,147025.0000000,150275.0000000,1281
SPFB.MIX,D,20141211,000000,149925.0000000,151325.0000000,145550.0000000,145650.0000000,2695
SPFB.MIX,D,20141212,000000,145625.0000000,151000.0000000,142075.0000000,146800.0000000,3351
SPFB.MIX,D,20141215,000000,148800.0000000,149875.0000000,141000.0000000,143000.0000000,16749
SPFB.MIX,D,20141216,000000,142025.0000000,157575.0000000,135875.0000000,151200.0000000,24110
SPFB.MIX,D,20141217,000000,150500.0000000,151950.0000000,138450.0000000,147500.0000000,10021
SPFB.MIX,D,20141218,000000,147200.0000000,153500.0000000,141000.0000000,148000.0000000,10724
SPFB.MIX,D,20141219,000000,148400.0000000,150850.0000000,142600.0000000,147450.0000000,8881
SPFB.MIX,D,20141222,000000,147600.0000000,147725.0000000,143050.0000000,145175.0000000,5922
SPFB.MIX,D,20141223,000000,144500.0000000,145000.0000000,140000.0000000,140900.0000000,6807
SPFB.MIX,D,20141224,000000,140600.0000000,142425.0000000,139075.0000000,139950.0000000,2932
SPFB.MIX,D,20141225,000000,140225.0000000,142500.0000000,138700.0000000,142125.0000000,3031
SPFB.MIX,D,20141226,000000,141825.0000000,144750.0000000,141425.0000000,143125.0000000,2654
SPFB.MIX,D,20141229,000000,142700.0000000,150000.0000000,141600.0000000,143400.0000000,5132
SPFB.MIX,D,20141230,000000,143400.0000000,144475.0000000,140000.0000000,142125.0000000,5185
SPFB.MIX,D,20150105,000000,142000.0000000,145950.0000000,138525.0000000,144800.0000000,2002
SPFB.MIX,D,20150106,000000,144900.0000000,149950.0000000,144900.0000000,149400.0000000,4069
SPFB.MIX,D,20150108,000000,149475.0000000,158200.0000000,149425.0000000,157175.0000000,5517
SPFB.MIX,D,20150109,000000,157225.0000000,157950.0000000,150450.0000000,154800.0000000,5954
SPFB.MIX,D,20150112,000000,154300.0000000,155500.0000000,151975.0000000,153600.0000000,5092
SPFB.MIX,D,20150113,000000,153800.0000000,156800.0000000,151100.0000000,156350.0000000,9101
SPFB.MIX,D,20150114,000000,155900.0000000,160375.0000000,153950.0000000,158900.0000000,7856
SPFB.MIX,D,20150115,000000,159400.0000000,159900.0000000,156350.0000000,156700.0000000,10699
SPFB.MIX,D,20150116,000000,156500.0000000,161175.0000000,155425.0000000,160000.0000000,9761
SPFB.MIX,D,20150119,000000,160075.0000000,163900.0000000,157275.0000000,158375.0000000,14487
SPFB.MIX,D,20150120,000000,158600.0000000,161125.0000000,157000.0000000,157800.0000000,10769
SPFB.MIX,D,20150121,000000,157525.0000000,163250.0000000,157525.0000000,162175.0000000,9887
SPFB.MIX,D,20150122,000000,162525.0000000,169200.0000000,162525.0000000,169125.0000000,13277
SPFB.MIX,D,20150123,000000,169100.0000000,171675.0000000,167225.0000000,167875.0000000,13285
SPFB.MIX,D,20150126,000000,168000.0000000,168000.0000000,163000.0000000,164475.0000000,13764
SPFB.MIX,D,20150127,000000,164000.0000000,169875.0000000,162300.0000000,168900.0000000,14484
SPFB.MIX,D,20150128,000000,169275.0000000,171900.0000000,165375.0000000,165800.0000000,13774
SPFB.MIX,D,20150129,000000,165225.0000000,168700.0000000,164800.0000000,166550.0000000,12046
SPFB.MIX,D,20150130,000000,166550.0000000,167600.0000000,162800.0000000,164600.0000000,13648
SPFB.MIX,D,20150202,000000,165000.0000000,166325.0000000,161800.0000000,163800.0000000,12940
SPFB.MIX,D,20150203,000000,163775.0000000,167075.0000000,163025.0000000,166275.0000000,11835
SPFB.MIX,D,20150204,000000,166400.0000000,166700.0000000,164200.0000000,165000.0000000,10210
SPFB.MIX,D,20150205,000000,165200.0000000,170675.0000000,164000.0000000,169900.0000000,14778
SPFB.MIX,D,20150206,000000,169925.0000000,177800.0000000,169675.0000000,177800.0000000,18989
SPFB.MIX,D,20150209,000000,177800.0000000,185850.0000000,175350.0000000,176250.0000000,23596
SPFB.MIX,D,20150210,000000,176250.0000000,180675.0000000,174150.0000000,179500.0000000,14110
SPFB.MIX,D,20150211,000000,179025.0000000,184950.0000000,177475.0000000,180625.0000000,15719
SPFB.MIX,D,20150212,000000,180975.0000000,186000.0000000,176000.0000000,185400.0000000,21772
SPFB.MIX,D,20150213,000000,185750.0000000,185925.0000000,182975.0000000,184450.0000000,14980
SPFB.MIX,D,20150216,000000,184425.0000000,185950.0000000,179575.0000000,180200.0000000,12466
SPFB.MIX,D,20150217,000000,180475.0000000,185850.0000000,179075.0000000,182300.0000000,16998
SPFB.MIX,D,20150218,000000,182300.0000000,185000.0000000,181250.0000000,182000.0000000,16282
SPFB.MIX,D,20150219,000000,182325.0000000,183475.0000000,176750.0000000,181925.0000000,16197
SPFB.MIX,D,20150220,000000,181900.0000000,182675.0000000,178925.0000000,181525.0000000,10365
SPFB.MIX,D,20150224,000000,181100.0000000,181100.0000000,176500.0000000,177650.0000000,9516
SPFB.MIX,D,20150225,000000,178000.0000000,178350.0000000,173450.0000000,176150.0000000,10434
SPFB.MIX,D,20150226,000000,175950.0000000,177925.0000000,174050.0000000,174900.0000000,11375
SPFB.MIX,D,20150227,000000,174975.0000000,178775.0000000,174300.0000000,178375.0000000,8946
SPFB.MIX,D,20150302,000000,177825.0000000,180075.0000000,177175.0000000,178150.0000000,9121
SPFB.MIX,D,20150303,000000,178300.0000000,183525.0000000,177625.0000000,181300.0000000,12782
SPFB.MIX,D,20150304,000000,181200.0000000,182675.0000000,176175.0000000,177500.0000000,12438
SPFB.MIX,D,20150305,000000,177400.0000000,179950.0000000,174950.0000000,176925.0000000,14733
SPFB.MIX,D,20150306,000000,176800.0000000,177200.0000000,171650.0000000,172525.0000000,10339
SPFB.MIX,D,20150310,000000,173800.0000000,174150.0000000,167400.0000000,169075.0000000,1650
SPFB.MIX,D,20150311,000000,169850.0000000,171950.0000000,167825.0000000,169700.0000000,2533
SPFB.MIX,D,20150312,000000,170400.0000000,170800.0000000,167025.0000000,168400.0000000,1927
SPFB.MIX,D,20150313,000000,168500.0000000,169575.0000000,164000.0000000,164650.0000000,5007
SPFB.MIX,D,20150316,000000,164675.0000000,166025.0000000,162725.0000000,165175.0000000,7561
SPFB.MIX,D,20150317,000000,164750.0000000,165500.0000000,162800.0000000,164875.0000000,8153
SPFB.MIX,D,20150318,000000,164725.0000000,168400.0000000,163600.0000000,167450.0000000,10780
SPFB.MIX,D,20150319,000000,167650.0000000,168350.0000000,162500.0000000,163250.0000000,10282
SPFB.MIX,D,20150320,000000,163650.0000000,166900.0000000,162575.0000000,165875.0000000,11525
SPFB.MIX,D,20150323,000000,165800.0000000,166500.0000000,162250.0000000,163100.0000000,7403
SPFB.MIX,D,20150324,000000,163225.0000000,165050.0000000,161600.0000000,164700.0000000,9822
SPFB.MIX,D,20150325,000000,164475.0000000,165450.0000000,161825.0000000,164675.0000000,9457
SPFB.MIX,D,20150326,000000,164575.0000000,166050.0000000,159575.0000000,160775.0000000,14435
SPFB.MIX,D,20150327,000000,160750.0000000,161950.0000000,158675.0000000,159475.0000000,10294
SPFB.MIX,D,20150330,000000,159500.0000000,164050.0000000,159500.0000000,163500.0000000,9045
SPFB.MIX,D,20150331,000000,163500.0000000,165775.0000000,162775.0000000,164375.0000000,9923
SPFB.MIX,D,20150401,000000,164100.0000000,169000.0000000,163450.0000000,168375.0000000,15222
SPFB.MIX,D,20150402,000000,168150.0000000,171750.0000000,167425.0000000,171350.0000000,16308
SPFB.MIX,D,20150403,000000,171275.0000000,171750.0000000,169725.0000000,170900.0000000,8519
SPFB.MIX,D,20150406,000000,171025.0000000,173250.0000000,169800.0000000,172750.0000000,9252
SPFB.MIX,D,20150407,000000,172825.0000000,173775.0000000,170550.0000000,171475.0000000,11906
SPFB.MIX,D,20150408,000000,171200.0000000,171600.0000000,168750.0000000,170000.0000000,15209
SPFB.MIX,D,20150409,000000,170025.0000000,170200.0000000,167250.0000000,169600.0000000,17862
SPFB.MIX,D,20150410,000000,169575.0000000,169950.0000000,165425.0000000,169000.0000000,24818
SPFB.MIX,D,20150413,000000,168800.0000000,171750.0000000,167550.0000000,168800.0000000,16058
SPFB.MIX,D,20150414,000000,168850.0000000,169675.0000000,165900.0000000,166900.0000000,15539
SPFB.MIX,D,20150415,000000,166775.0000000,171100.0000000,166250.0000000,170525.0000000,12522
SPFB.MIX,D,20150416,000000,170500.0000000,175500.0000000,167875.0000000,170900.0000000,16167
SPFB.MIX,D,20150417,000000,171200.0000000,171450.0000000,166000.0000000,168875.0000000,16997
SPFB.MIX,D,20150420,000000,168600.0000000,171675.0000000,167850.0000000,170900.0000000,14786
SPFB.MIX,D,20150421,000000,171200.0000000,174100.0000000,171075.0000000,173350.0000000,15472
SPFB.MIX,D,20150422,000000,173275.0000000,173800.0000000,168900.0000000,169750.0000000,16848
SPFB.MIX,D,20150423,000000,169600.0000000,169975.0000000,164925.0000000,168575.0000000,24508
SPFB.MIX,D,20150424,000000,168525.0000000,171250.0000000,167750.0000000,169725.0000000,16384
SPFB.MIX,D,20150427,000000,169750.0000000,171775.0000000,168500.0000000,169000.0000000,16356
SPFB.MIX,D,20150428,000000,169275.0000000,170125.0000000,168075.0000000,169350.0000000,13136
SPFB.MIX,D,20150429,000000,169425.0000000,171225.0000000,168175.0000000,169050.0000000,14023
SPFB.MIX,D,20150430,000000,168825.0000000,170700.0000000,168450.0000000,169900.0000000,17569
SPFB.MIX,D,20150505,000000,170050.0000000,174975.0000000,170050.0000000,172425.0000000,16432
SPFB.MIX,D,20150506,000000,172500.0000000,173925.0000000,170800.0000000,171350.0000000,16653
SPFB.MIX,D,20150507,000000,171350.0000000,172000.0000000,168700.0000000,169850.0000000,18667
SPFB.MIX,D,20150508,000000,169900.0000000,172725.0000000,169575.0000000,172000.0000000,14980
SPFB.MIX,D,20150512,000000,172125.0000000,173275.0000000,169750.0000000,171800.0000000,16457
SPFB.MIX,D,20150513,000000,171900.0000000,172100.0000000,168875.0000000,169275.0000000,16016
SPFB.MIX,D,20150514,000000,169300.0000000,170275.0000000,167850.0000000,169825.0000000,18423
SPFB.MIX,D,20150515,000000,169825.0000000,170275.0000000,168325.0000000,170100.0000000,16784
SPFB.MIX,D,20150518,000000,169950.0000000,170525.0000000,167500.0000000,167975.0000000,16253
SPFB.MIX,D,20150519,000000,168050.0000000,168550.0000000,164900.0000000,166125.0000000,15387
SPFB.MIX,D,20150520,000000,166250.0000000,166575.0000000,163400.0000000,163800.0000000,17358
SPFB.MIX,D,20150521,000000,163950.0000000,166825.0000000,163225.0000000,166525.0000000,15622
SPFB.MIX,D,20150522,000000,166750.0000000,167875.0000000,165900.0000000,166800.0000000,14342
SPFB.MIX,D,20150525,000000,167075.0000000,171000.0000000,164500.0000000,167475.0000000,16315
SPFB.MIX,D,20150526,000000,167475.0000000,167525.0000000,164950.0000000,165800.0000000,11528
SPFB.MIX,D,20150527,000000,165850.0000000,167000.0000000,164075.0000000,166000.0000000,15381
SPFB.MIX,D,20150528,000000,166150.0000000,168500.0000000,165900.0000000,167200.0000000,14385
SPFB.MIX,D,20150529,000000,167150.0000000,168475.0000000,163000.0000000,163500.0000000,21841
SPFB.MIX,D,20150601,000000,163550.0000000,164575.0000000,162075.0000000,162500.0000000,14904
SPFB.MIX,D,20150602,000000,162500.0000000,166225.0000000,161300.0000000,165600.0000000,16566
SPFB.MIX,D,20150603,000000,165750.0000000,165850.0000000,161625.0000000,164750.0000000,17309
SPFB.MIX,D,20150604,000000,164600.0000000,164825.0000000,162800.0000000,163850.0000000,17888
SPFB.MIX,D,20150605,000000,163750.0000000,165950.0000000,163350.0000000,165625.0000000,17387
SPFB.MIX,D,20150608,000000,165750.0000000,167000.0000000,164000.0000000,164450.0000000,18213
SPFB.MIX,D,20150609,000000,164450.0000000,166850.0000000,163625.0000000,166325.0000000,14148
SPFB.MIX,D,20150610,000000,166625.0000000,166625.0000000,164900.0000000,165300.0000000,758
SPFB.MIX,D,20150611,000000,165075.0000000,165625.0000000,163600.0000000,165300.0000000,3204
SPFB.MIX,D,20150615,000000,165475.0000000,166300.0000000,162325.0000000,165725.0000000,19185
SPFB.MIX,D,20150616,000000,165625.0000000,167725.0000000,164800.0000000,166575.0000000,17707
SPFB.MIX,D,20150617,000000,166750.0000000,167950.0000000,165450.0000000,166525.0000000,14207
SPFB.MIX,D,20150618,000000,166525.0000000,167325.0000000,165250.0000000,165775.0000000,14019
SPFB.MIX,D,20150619,000000,165925.0000000,166475.0000000,165175.0000000,165675.0000000,9160
SPFB.MIX,D,20150622,000000,165700.0000000,167900.0000000,165675.0000000,166950.0000000,10048
SPFB.MIX,D,20150623,000000,166900.0000000,167600.0000000,165375.0000000,166350.0000000,12507
SPFB.MIX,D,20150624,000000,166300.0000000,166450.0000000,163650.0000000,164300.0000000,15150
SPFB.MIX,D,20150625,000000,164250.0000000,165350.0000000,163175.0000000,163250.0000000,9512
SPFB.MIX,D,20150626,000000,163350.0000000,164800.0000000,162625.0000000,164250.0000000,10973
SPFB.MIX,D,20150629,000000,164150.0000000,164150.0000000,161500.0000000,162350.0000000,13729
SPFB.MIX,D,20150630,000000,162450.0000000,165450.0000000,162025.0000000,165150.0000000,19672
SPFB.MIX,D,20150701,000000,165150.0000000,165850.0000000,163275.0000000,163725.0000000,14716
SPFB.MIX,D,20150702,000000,163750.0000000,164600.0000000,162750.0000000,163800.0000000,11498
SPFB.MIX,D,20150703,000000,163750.0000000,164025.0000000,162100.0000000,163150.0000000,12728
SPFB.MIX,D,20150706,000000,162925.0000000,162925.0000000,161125.0000000,161625.0000000,14725
SPFB.MIX,D,20150707,000000,161800.0000000,163250.0000000,160600.0000000,162775.0000000,25982
SPFB.MIX,D,20150708,000000,162650.0000000,162650.0000000,157025.0000000,159500.0000000,29648
SPFB.MIX,D,20150709,000000,159600.0000000,161375.0000000,159600.0000000,160800.0000000,13270
SPFB.MIX,D,20150710,000000,161075.0000000,162900.0000000,161075.0000000,162875.0000000,17254
SPFB.MIX,D,20150713,000000,162500.0000000,165050.0000000,162175.0000000,164875.0000000,19532
SPFB.MIX,D,20150714,000000,164800.0000000,166075.0000000,162825.0000000,165750.0000000,19703
SPFB.MIX,D,20150715,000000,165625.0000000,167275.0000000,165250.0000000,165950.0000000,19411
SPFB.MIX,D,20150716,000000,165975.0000000,168375.0000000,165825.0000000,167950.0000000,14431
SPFB.MIX,D,20150717,000000,167900.0000000,168775.0000000,167100.0000000,167600.0000000,18065
SPFB.MIX,D,20150720,000000,167725.0000000,167850.0000000,164100.0000000,164750.0000000,21511
SPFB.MIX,D,20150721,000000,164775.0000000,166575.0000000,164050.0000000,165400.0000000,19655
SPFB.MIX,D,20150722,000000,165300.0000000,165900.0000000,164125.0000000,165125.0000000,20477
SPFB.MIX,D,20150723,000000,165150.0000000,165400.0000000,162975.0000000,163425.0000000,16264
SPFB.MIX,D,20150724,000000,163475.0000000,164550.0000000,160400.0000000,161450.0000000,22099
SPFB.MIX,D,20150727,000000,161250.0000000,161900.0000000,158900.0000000,160075.0000000,31038
SPFB.MIX,D,20150728,000000,160125.0000000,163450.0000000,159750.0000000,162750.0000000,34190
SPFB.MIX,D,20150729,000000,162625.0000000,164950.0000000,162150.0000000,164300.0000000,29756
SPFB.MIX,D,20150730,000000,164450.0000000,165975.0000000,164200.0000000,165325.0000000,19852
SPFB.MIX,D,20150731,000000,165200.0000000,169375.0000000,164950.0000000,168400.0000000,31231
SPFB.MIX,D,20150803,000000,168350.0000000,169575.0000000,167075.0000000,167350.0000000,30359
SPFB.MIX,D,20150804,000000,167475.0000000,169350.0000000,167350.0000000,168950.0000000,23943
SPFB.MIX,D,20150805,000000,168950.0000000,171350.0000000,167950.0000000,169250.0000000,26121
SPFB.MIX,D,20150806,000000,169350.0000000,171225.0000000,168375.0000000,169800.0000000,22668
SPFB.MIX,D,20150807,000000,169775.0000000,171000.0000000,169100.0000000,170400.0000000,16480
SPFB.MIX,D,20150810,000000,170600.0000000,172275.0000000,168550.0000000,171600.0000000,26726
SPFB.MIX,D,20150811,000000,171600.0000000,173400.0000000,169750.0000000,170475.0000000,22668
SPFB.MIX,D,20150812,000000,170300.0000000,171500.0000000,169300.0000000,171100.0000000,19428
SPFB.MIX,D,20150813,000000,171100.0000000,172500.0000000,169850.0000000,170975.0000000,20831
SPFB.MIX,D,20150814,000000,170900.0000000,173400.0000000,170700.0000000,171825.0000000,19346
SPFB.MIX,D,20150817,000000,171850.0000000,172300.0000000,170075.0000000,171150.0000000,17123
SPFB.MIX,D,20150818,000000,171100.0000000,171250.0000000,169250.0000000,170275.0000000,13727
SPFB.MIX,D,20150819,000000,170275.0000000,171050.0000000,167050.0000000,167875.0000000,19904
SPFB.MIX,D,20150820,000000,167725.0000000,170550.0000000,167250.0000000,169050.0000000,28065
SPFB.MIX,D,20150821,000000,169050.0000000,169675.0000000,166300.0000000,166700.0000000,19274
SPFB.MIX,D,20150824,000000,166300.0000000,166300.0000000,160350.0000000,163500.0000000,43324
SPFB.MIX,D,20150825,000000,163550.0000000,167550.0000000,163225.0000000,163825.0000000,34136
SPFB.MIX,D,20150826,000000,164450.0000000,168325.0000000,163450.0000000,167800.0000000,27367
SPFB.MIX,D,20150827,000000,168200.0000000,171475.0000000,167075.0000000,170725.0000000,25341
SPFB.MIX,D,20150828,000000,170600.0000000,172675.0000000,169075.0000000,172200.0000000,26347
SPFB.MIX,D,20150831,000000,171800.0000000,173975.0000000,170550.0000000,172750.0000000,34907
SPFB.MIX,D,20150901,000000,172675.0000000,173325.0000000,167800.0000000,167800.0000000,37600
SPFB.MIX,D,20150902,000000,168200.0000000,172175.0000000,167950.0000000,170250.0000000,40709
SPFB.MIX,D,20150903,000000,170225.0000000,171900.0000000,169025.0000000,170425.0000000,23522
SPFB.MIX,D,20150904,000000,170425.0000000,171300.0000000,168550.0000000,168925.0000000,21870
SPFB.MIX,D,20150907,000000,168975.0000000,171150.0000000,168900.0000000,170725.0000000,16429
SPFB.MIX,D,20150908,000000,170625.0000000,173325.0000000,170625.0000000,171525.0000000,26876
SPFB.MIX,D,20150909,000000,171600.0000000,173425.0000000,170525.0000000,170950.0000000,21787
SPFB.MIX,D,20150910,000000,174000.0000000,175775.0000000,173975.0000000,175150.0000000,623
SPFB.MIX,D,20150911,000000,175300.0000000,175300.0000000,174000.0000000,174525.0000000,423
SPFB.MIX,D,20150914,000000,174775.0000000,176825.0000000,174775.0000000,175800.0000000,1572
SPFB.MIX,D,20150915,000000,175575.0000000,175950.0000000,173650.0000000,174975.0000000,7755
SPFB.MIX,D,20150916,000000,174825.0000000,176875.0000000,174200.0000000,176450.0000000,9563
SPFB.MIX,D,20150917,000000,176425.0000000,178400.0000000,175375.0000000,177100.0000000,16024
SPFB.MIX,D,20150918,000000,177250.0000000,177300.0000000,173075.0000000,174525.0000000,17344
SPFB.MIX,D,20150921,000000,174800.0000000,183675.0000000,171950.0000000,173225.0000000,10085
SPFB.MIX,D,20150922,000000,173075.0000000,173075.0000000,168175.0000000,169400.0000000,16978
SPFB.MIX,D,20150923,000000,169200.0000000,169525.0000000,166025.0000000,166750.0000000,18834
SPFB.MIX,D,20150924,000000,166725.0000000,167000.0000000,163900.0000000,166450.0000000,18714
SPFB.MIX,D,20150925,000000,166450.0000000,168225.0000000,166200.0000000,167450.0000000,13405
SPFB.MIX,D,20150928,000000,167475.0000000,167750.0000000,164700.0000000,165375.0000000,12217
SPFB.MIX,D,20150929,000000,165200.0000000,166900.0000000,164000.0000000,165850.0000000,12467
SPFB.MIX,D,20150930,000000,166025.0000000,168950.0000000,166025.0000000,167200.0000000,16623
SPFB.MIX,D,20151001,000000,167475.0000000,168150.0000000,164750.0000000,165700.0000000,16540
SPFB.MIX,D,20151002,000000,165575.0000000,166325.0000000,163050.0000000,165875.0000000,23168
SPFB.MIX,D,20151005,000000,165850.0000000,169250.0000000,165250.0000000,169100.0000000,15368
SPFB.MIX,D,20151006,000000,168750.0000000,170750.0000000,168325.0000000,170475.0000000,10979
SPFB.MIX,D,20151007,000000,170400.0000000,171150.0000000,168800.0000000,171075.0000000,12806
SPFB.MIX,D,20151008,000000,170700.0000000,174625.0000000,168900.0000000,174175.0000000,15254
SPFB.MIX,D,20151009,000000,174300.0000000,176875.0000000,172875.0000000,175100.0000000,16755
SPFB.MIX,D,20151012,000000,175425.0000000,177400.0000000,172300.0000000,172925.0000000,13891
SPFB.MIX,D,20151013,000000,172825.0000000,175375.0000000,172700.0000000,174300.0000000,14615
SPFB.MIX,D,20151014,000000,174150.0000000,176500.0000000,173500.0000000,175300.0000000,12301
SPFB.MIX,D,20151015,000000,175950.0000000,178250.0000000,175525.0000000,177750.0000000,13987
SPFB.MIX,D,20151016,000000,178000.0000000,178000.0000000,174475.0000000,175400.0000000,14245
SPFB.MIX,D,20151019,000000,175250.0000000,175375.0000000,173125.0000000,174875.0000000,8797
SPFB.MIX,D,20151020,000000,174550.0000000,175175.0000000,172975.0000000,174700.0000000,10449
SPFB.MIX,D,20151021,000000,174850.0000000,175200.0000000,172550.0000000,172900.0000000,10534
SPFB.MIX,D,20151022,000000,173125.0000000,174575.0000000,172675.0000000,174400.0000000,8049
SPFB.MIX,D,20151023,000000,174400.0000000,176125.0000000,173525.0000000,175550.0000000,11033
SPFB.MIX,D,20151026,000000,175450.0000000,175800.0000000,171725.0000000,173100.0000000,9570
SPFB.MIX,D,20151027,000000,173150.0000000,174200.0000000,171275.0000000,174100.0000000,11569
SPFB.MIX,D,20151028,000000,174075.0000000,175850.0000000,172850.0000000,175025.0000000,13314
SPFB.MIX,D,20151029,000000,174750.0000000,174950.0000000,172500.0000000,172675.0000000,13427
SPFB.MIX,D,20151030,000000,172850.0000000,174225.0000000,171800.0000000,173050.0000000,11309
SPFB.MIX,D,20151102,000000,172800.0000000,175950.0000000,171850.0000000,175775.0000000,12607
SPFB.MIX,D,20151103,000000,175925.0000000,180100.0000000,175350.0000000,179625.0000000,18155
SPFB.MIX,D,20151105,000000,179250.0000000,180475.0000000,178125.0000000,179125.0000000,12864
SPFB.MIX,D,20151106,000000,179175.0000000,179750.0000000,176425.0000000,177600.0000000,12698
SPFB.MIX,D,20151109,000000,177400.0000000,178150.0000000,175225.0000000,175600.0000000,12213
SPFB.MIX,D,20151110,000000,175700.0000000,177150.0000000,174875.0000000,175675.0000000,13602
SPFB.MIX,D,20151111,000000,175650.0000000,177300.0000000,174500.0000000,174925.0000000,14669
SPFB.MIX,D,20151112,000000,175025.0000000,176900.0000000,174650.0000000,175125.0000000,12390
SPFB.MIX,D,20151113,000000,175275.0000000,175775.0000000,173400.0000000,174450.0000000,12794
SPFB.MIX,D,20151116,000000,174250.0000000,177475.0000000,173750.0000000,177125.0000000,15017
SPFB.MIX,D,20151117,000000,177200.0000000,181750.0000000,176600.0000000,180525.0000000,20095
SPFB.MIX,D,20151118,000000,180525.0000000,184375.0000000,179875.0000000,184075.0000000,21048
SPFB.MIX,D,20151119,000000,184250.0000000,185950.0000000,181800.0000000,182400.0000000,21172
SPFB.MIX,D,20151120,000000,182475.0000000,186000.0000000,181100.0000000,184700.0000000,17263
SPFB.MIX,D,20151123,000000,184225.0000000,188750.0000000,182500.0000000,187800.0000000,21039
SPFB.MIX,D,20151124,000000,187800.0000000,188725.0000000,181000.0000000,182400.0000000,25000
SPFB.MIX,D,20151125,000000,182500.0000000,185275.0000000,181850.0000000,184900.0000000,16983
SPFB.MIX,D,20151126,000000,184900.0000000,186325.0000000,182725.0000000,183700.0000000,11449
SPFB.MIX,D,20151127,000000,183250.0000000,183575.0000000,179375.0000000,180000.0000000,18179
SPFB.MIX,D,20151130,000000,179775.0000000,181250.0000000,177900.0000000,178400.0000000,17135
SPFB.MIX,D,20151201,000000,178400.0000000,179050.0000000,176775.0000000,178000.0000000,10233
SPFB.MIX,D,20151202,000000,177950.0000000,179900.0000000,176225.0000000,176650.0000000,15567
SPFB.MIX,D,20151203,000000,176850.0000000,180550.0000000,176650.0000000,179725.0000000,16109
SPFB.MIX,D,20151204,000000,179850.0000000,180375.0000000,174175.0000000,175800.0000000,19428
SPFB.MIX,D,20151207,000000,175775.0000000,176650.0000000,172900.0000000,173800.0000000,12742
SPFB.MIX,D,20151208,000000,173850.0000000,174150.0000000,171325.0000000,171950.0000000,17407
SPFB.MIX,D,20151209,000000,172225.0000000,176075.0000000,172000.0000000,173000.0000000,17110
SPFB.MIX,D,20151210,000000,175150.0000000,177575.0000000,175050.0000000,175050.0000000,108
SPFB.MIX,D,20151211,000000,175500.0000000,175675.0000000,173050.0000000,173200.0000000,220
SPFB.MIX,D,20151214,000000,173050.0000000,174725.0000000,172625.0000000,173975.0000000,2393
SPFB.MIX,D,20151215,000000,174025.0000000,178525.0000000,174025.0000000,178100.0000000,15434
SPFB.MIX,D,20151216,000000,178150.0000000,179975.0000000,177675.0000000,179625.0000000,15730
SPFB.MIX,D,20151217,000000,179525.0000000,182425.0000000,178875.0000000,180625.0000000,20116
SPFB.MIX,D,20151218,000000,180500.0000000,180900.0000000,175200.0000000,175850.0000000,19422
SPFB.MIX,D,20151221,000000,175800.0000000,177200.0000000,173700.0000000,174775.0000000,11089
SPFB.MIX,D,20151222,000000,174800.0000000,176250.0000000,174550.0000000,175800.0000000,8233
SPFB.MIX,D,20151223,000000,176000.0000000,179400.0000000,176000.0000000,179275.0000000,11426
SPFB.MIX,D,20151224,000000,179175.0000000,179575.0000000,177400.0000000,178150.0000000,8165
SPFB.MIX,D,20151225,000000,178250.0000000,178250.0000000,176325.0000000,177275.0000000,3336
SPFB.MIX,D,20151228,000000,177175.0000000,177250.0000000,175625.0000000,176725.0000000,5949
SPFB.MIX,D,20151229,000000,176750.0000000,180950.0000000,176225.0000000,180625.0000000,7642
SPFB.MIX,D,20151230,000000,180500.0000000,180700.0000000,178200.0000000,179125.0000000,6512
