<TICKER>,<PER>,<DATE>,<TIME>,<OPEN>,<HIGH>,<LOW>,<CLOSE>,<VOL>
SPFB.RTS,D,20120103,000000,137495.0000000,143880.0000000,137495.0000000,143445.0000000,474009
SPFB.RTS,D,20120104,000000,143375.0000000,144085.0000000,141405.0000000,143380.0000000,514205
SPFB.RTS,D,20120105,000000,143345.0000000,144295.0000000,139915.0000000,140995.0000000,703633
SPFB.RTS,D,20120106,000000,140870.0000000,142900.0000000,139245.0000000,141180.0000000,653903
SPFB.RTS,D,20120109,000000,141140.0000000,142685.0000000,139970.0000000,141835.0000000,630057
SPFB.RTS,D,20120110,000000,141850.0000000,146955.0000000,141850.0000000,146005.0000000,828506
SPFB.RTS,D,20120111,000000,145980.0000000,146465.0000000,143600.0000000,144885.0000000,1127104
SPFB.RTS,D,20120112,000000,144970.0000000,147360.0000000,143900.0000000,144175.0000000,1148407
SPFB.RTS,D,20120113,000000,144200.0000000,146250.0000000,142325.0000000,142680.0000000,1272556
SPFB.RTS,D,20120116,000000,142550.0000000,145485.0000000,141315.0000000,145250.0000000,934926
SPFB.RTS,D,20120117,000000,145275.0000000,149060.0000000,145275.0000000,146090.0000000,1162123
SPFB.RTS,D,20120118,000000,146170.0000000,149700.0000000,146080.0000000,149285.0000000,1222499
SPFB.RTS,D,20120119,000000,149300.0000000,150745.0000000,148000.0000000,150385.0000000,1068013
SPFB.RTS,D,20120120,000000,150450.0000000,150975.0000000,148130.0000000,148790.0000000,1016948
SPFB.RTS,D,20120123,000000,148790.0000000,152785.0000000,147900.0000000,151465.0000000,1159797
SPFB.RTS,D,20120124,000000,151450.0000000,152435.0000000,150220.0000000,152320.0000000,1147828
SPFB.RTS,D,20120125,000000,152370.0000000,156165.0000000,152080.0000000,155745.0000000,1192322
SPFB.RTS,D,20120126,000000,155775.0000000,157950.0000000,155160.0000000,156500.0000000,1179413
SPFB.RTS,D,20120127,000000,156440.0000000,158140.0000000,155285.0000000,157900.0000000,1147324
SPFB.RTS,D,20120130,000000,157900.0000000,157900.0000000,153775.0000000,155660.0000000,1209097
SPFB.RTS,D,20120131,000000,155840.0000000,158360.0000000,155780.0000000,156250.0000000,1223573
SPFB.RTS,D,20120201,000000,156220.0000000,161330.0000000,155180.0000000,160715.0000000,1354889
SPFB.RTS,D,20120202,000000,160650.0000000,161085.0000000,158560.0000000,159930.0000000,1311875
SPFB.RTS,D,20120203,000000,159980.0000000,164560.0000000,159335.0000000,164520.0000000,1198597
SPFB.RTS,D,20120206,000000,164500.0000000,164500.0000000,161585.0000000,163355.0000000,1029342
SPFB.RTS,D,20120207,000000,163435.0000000,165475.0000000,162185.0000000,165045.0000000,1240496
SPFB.RTS,D,20120208,000000,165095.0000000,166585.0000000,163630.0000000,164960.0000000,1095337
SPFB.RTS,D,20120209,000000,164995.0000000,166060.0000000,161930.0000000,163550.0000000,1437221
SPFB.RTS,D,20120210,000000,163405.0000000,163405.0000000,159160.0000000,159765.0000000,1214611
SPFB.RTS,D,20120213,000000,159770.0000000,165160.0000000,159770.0000000,164635.0000000,1053769
SPFB.RTS,D,20120214,000000,164605.0000000,165865.0000000,162170.0000000,162225.0000000,1231035
SPFB.RTS,D,20120215,000000,162300.0000000,168335.0000000,162300.0000000,164600.0000000,1303648
SPFB.RTS,D,20120216,000000,164405.0000000,165990.0000000,162040.0000000,165885.0000000,1174564
SPFB.RTS,D,20120217,000000,165995.0000000,166850.0000000,164425.0000000,165355.0000000,1026723
SPFB.RTS,D,20120220,000000,165385.0000000,168030.0000000,165385.0000000,167010.0000000,648843
SPFB.RTS,D,20120221,000000,166930.0000000,167535.0000000,163875.0000000,165340.0000000,1369506
SPFB.RTS,D,20120222,000000,165380.0000000,166930.0000000,162560.0000000,163415.0000000,1370957
SPFB.RTS,D,20120224,000000,163495.0000000,174300.0000000,163495.0000000,173465.0000000,1573376
SPFB.RTS,D,20120227,000000,173285.0000000,174685.0000000,171510.0000000,174135.0000000,1382848
SPFB.RTS,D,20120228,000000,174140.0000000,175195.0000000,170350.0000000,172150.0000000,1372599
SPFB.RTS,D,20120229,000000,172170.0000000,174470.0000000,171615.0000000,172690.0000000,1338302
SPFB.RTS,D,20120301,000000,172580.0000000,174005.0000000,169845.0000000,173920.0000000,1363484
SPFB.RTS,D,20120302,000000,173995.0000000,175410.0000000,170880.0000000,174790.0000000,1253427
SPFB.RTS,D,20120305,000000,174710.0000000,176070.0000000,173380.0000000,174450.0000000,1328129
SPFB.RTS,D,20120306,000000,174305.0000000,174345.0000000,164020.0000000,164560.0000000,1793595
SPFB.RTS,D,20120307,000000,164600.0000000,168275.0000000,164600.0000000,167475.0000000,1195199
SPFB.RTS,D,20120311,000000,162785.0000000,167870.0000000,162785.0000000,167100.0000000,15677
SPFB.RTS,D,20120312,000000,167050.0000000,168525.0000000,164675.0000000,166795.0000000,130596
SPFB.RTS,D,20120313,000000,166870.0000000,170560.0000000,166870.0000000,170500.0000000,235749
SPFB.RTS,D,20120314,000000,170455.0000000,171395.0000000,161865.0000000,168415.0000000,526183
SPFB.RTS,D,20120315,000000,168470.0000000,171975.0000000,168065.0000000,170260.0000000,1146626
SPFB.RTS,D,20120316,000000,170275.0000000,171010.0000000,168765.0000000,169455.0000000,972930
SPFB.RTS,D,20120319,000000,169500.0000000,171500.0000000,165850.0000000,167970.0000000,1588717
SPFB.RTS,D,20120320,000000,167920.0000000,168345.0000000,162825.0000000,164040.0000000,1596699
SPFB.RTS,D,20120321,000000,164065.0000000,166100.0000000,162355.0000000,163850.0000000,1554331
SPFB.RTS,D,20120322,000000,163765.0000000,164875.0000000,159150.0000000,160595.0000000,1706896
SPFB.RTS,D,20120323,000000,160595.0000000,163080.0000000,159050.0000000,162740.0000000,1564976
SPFB.RTS,D,20120326,000000,162785.0000000,167250.0000000,162375.0000000,167045.0000000,1431803
SPFB.RTS,D,20120327,000000,167125.0000000,168120.0000000,164355.0000000,164375.0000000,1398386
SPFB.RTS,D,20120328,000000,164385.0000000,164895.0000000,157100.0000000,158750.0000000,1944181
SPFB.RTS,D,20120329,000000,158725.0000000,160500.0000000,155000.0000000,158480.0000000,1841506
SPFB.RTS,D,20120330,000000,158505.0000000,160685.0000000,157555.0000000,159195.0000000,1616788
SPFB.RTS,D,20120402,000000,159200.0000000,161710.0000000,157390.0000000,161285.0000000,1749108
SPFB.RTS,D,20120403,000000,161335.0000000,164680.0000000,160625.0000000,161965.0000000,1793478
SPFB.RTS,D,20120404,000000,161965.0000000,162190.0000000,157075.0000000,159200.0000000,1840609
SPFB.RTS,D,20120405,000000,159205.0000000,160400.0000000,155485.0000000,160340.0000000,1699482
SPFB.RTS,D,20120406,000000,160380.0000000,160430.0000000,155200.0000000,156550.0000000,766435
SPFB.RTS,D,20120409,000000,156600.0000000,157400.0000000,153245.0000000,156710.0000000,1386042
SPFB.RTS,D,20120410,000000,156705.0000000,158070.0000000,152535.0000000,152980.0000000,1882823
SPFB.RTS,D,20120411,000000,153005.0000000,158000.0000000,153005.0000000,156035.0000000,1770888
SPFB.RTS,D,20120412,000000,156100.0000000,158180.0000000,154565.0000000,158020.0000000,1826324
SPFB.RTS,D,20120413,000000,158035.0000000,159005.0000000,156200.0000000,157355.0000000,1508395
SPFB.RTS,D,20120416,000000,157300.0000000,157300.0000000,153060.0000000,154465.0000000,1667966
SPFB.RTS,D,20120417,000000,154440.0000000,155485.0000000,152560.0000000,155360.0000000,1502859
SPFB.RTS,D,20120418,000000,155310.0000000,155800.0000000,153015.0000000,153940.0000000,1377041
SPFB.RTS,D,20120419,000000,153935.0000000,157835.0000000,153880.0000000,155215.0000000,1915265
SPFB.RTS,D,20120420,000000,155370.0000000,158355.0000000,155055.0000000,157400.0000000,1352108
SPFB.RTS,D,20120423,000000,157350.0000000,157350.0000000,151505.0000000,153475.0000000,1557081
SPFB.RTS,D,20120424,000000,153565.0000000,154495.0000000,151500.0000000,152840.0000000,1477621
SPFB.RTS,D,20120425,000000,152890.0000000,154875.0000000,152635.0000000,154000.0000000,1150928
SPFB.RTS,D,20120426,000000,154000.0000000,154630.0000000,151195.0000000,153310.0000000,1357969
SPFB.RTS,D,20120427,000000,153310.0000000,155495.0000000,150870.0000000,154830.0000000,1400939
SPFB.RTS,D,20120428,000000,154870.0000000,155295.0000000,154515.0000000,155145.0000000,99513
SPFB.RTS,D,20120502,000000,155150.0000000,157030.0000000,151520.0000000,151935.0000000,1048009
SPFB.RTS,D,20120503,000000,151950.0000000,152650.0000000,150145.0000000,150755.0000000,1220766
SPFB.RTS,D,20120504,000000,150800.0000000,150800.0000000,143160.0000000,144675.0000000,1808743
SPFB.RTS,D,20120505,000000,144605.0000000,144760.0000000,142610.0000000,143000.0000000,228083
SPFB.RTS,D,20120507,000000,142945.0000000,143980.0000000,139260.0000000,143745.0000000,929969
SPFB.RTS,D,20120508,000000,143720.0000000,143800.0000000,140670.0000000,142320.0000000,1122757
SPFB.RTS,D,20120510,000000,142305.0000000,145945.0000000,141005.0000000,143625.0000000,1717547
SPFB.RTS,D,20120511,000000,143565.0000000,144385.0000000,141570.0000000,143030.0000000,1427045
SPFB.RTS,D,20120512,000000,142975.0000000,144490.0000000,142500.0000000,143825.0000000,198311
SPFB.RTS,D,20120514,000000,143815.0000000,143815.0000000,137550.0000000,138080.0000000,1661025
SPFB.RTS,D,20120515,000000,138160.0000000,139725.0000000,136200.0000000,137145.0000000,1988681
SPFB.RTS,D,20120516,000000,137000.0000000,137085.0000000,133715.0000000,135170.0000000,2092592
SPFB.RTS,D,20120517,000000,135200.0000000,137200.0000000,127715.0000000,128085.0000000,2479363
SPFB.RTS,D,20120518,000000,128065.0000000,130910.0000000,124945.0000000,127010.0000000,2297009
SPFB.RTS,D,20120521,000000,127105.0000000,132345.0000000,127105.0000000,131990.0000000,1649039
SPFB.RTS,D,20120522,000000,132035.0000000,132980.0000000,129010.0000000,129175.0000000,1485735
SPFB.RTS,D,20120523,000000,129020.0000000,129675.0000000,123185.0000000,127190.0000000,2108498
SPFB.RTS,D,20120524,000000,127150.0000000,128425.0000000,123600.0000000,127120.0000000,1960719
SPFB.RTS,D,20120525,000000,127160.0000000,129250.0000000,126055.0000000,126225.0000000,1468415
SPFB.RTS,D,20120528,000000,126400.0000000,129930.0000000,126400.0000000,127555.0000000,889118
SPFB.RTS,D,20120529,000000,127680.0000000,131150.0000000,127680.0000000,130115.0000000,1598829
SPFB.RTS,D,20120530,000000,130060.0000000,130060.0000000,125605.0000000,126985.0000000,1816483
SPFB.RTS,D,20120531,000000,126985.0000000,127950.0000000,122585.0000000,124440.0000000,1641744
SPFB.RTS,D,20120601,000000,124400.0000000,124400.0000000,118590.0000000,122045.0000000,1869385
SPFB.RTS,D,20120604,000000,122040.0000000,124470.0000000,119610.0000000,124400.0000000,1417225
SPFB.RTS,D,20120605,000000,124400.0000000,125700.0000000,122255.0000000,123920.0000000,1402360
SPFB.RTS,D,20120606,000000,124000.0000000,128475.0000000,124000.0000000,128310.0000000,1563550
SPFB.RTS,D,20120607,000000,128325.0000000,132070.0000000,126830.0000000,129295.0000000,1596971
SPFB.RTS,D,20120608,000000,129285.0000000,130690.0000000,126200.0000000,130205.0000000,1197833
SPFB.RTS,D,20120609,000000,130320.0000000,130750.0000000,129280.0000000,129935.0000000,153592
SPFB.RTS,D,20120613,000000,129400.0000000,131225.0000000,128450.0000000,128745.0000000,213254
SPFB.RTS,D,20120614,000000,128950.0000000,131000.0000000,128305.0000000,130870.0000000,378988
SPFB.RTS,D,20120615,000000,130905.0000000,133880.0000000,130545.0000000,133660.0000000,855684
SPFB.RTS,D,20120618,000000,133725.0000000,135625.0000000,133345.0000000,134065.0000000,1228883
SPFB.RTS,D,20120619,000000,134045.0000000,135455.0000000,133150.0000000,135020.0000000,1073814
SPFB.RTS,D,20120620,000000,134950.0000000,134980.0000000,131250.0000000,131765.0000000,1277047
SPFB.RTS,D,20120621,000000,131760.0000000,132430.0000000,126000.0000000,126385.0000000,1495762
SPFB.RTS,D,20120622,000000,126405.0000000,128245.0000000,125625.0000000,127965.0000000,1115563
SPFB.RTS,D,20120625,000000,127990.0000000,128200.0000000,125075.0000000,126620.0000000,1195059
SPFB.RTS,D,20120626,000000,126620.0000000,129390.0000000,126050.0000000,129385.0000000,1119592
SPFB.RTS,D,20120627,000000,129210.0000000,130400.0000000,128120.0000000,130130.0000000,998927
SPFB.RTS,D,20120628,000000,130085.0000000,130420.0000000,126230.0000000,128260.0000000,1391995
SPFB.RTS,D,20120629,000000,128325.0000000,134975.0000000,128325.0000000,134950.0000000,1219563
SPFB.RTS,D,20120702,000000,134950.0000000,136680.0000000,133375.0000000,136440.0000000,1198032
SPFB.RTS,D,20120703,000000,136545.0000000,141090.0000000,135930.0000000,139900.0000000,1238943
SPFB.RTS,D,20120704,000000,139850.0000000,140720.0000000,138900.0000000,140330.0000000,552757
SPFB.RTS,D,20120705,000000,140250.0000000,141505.0000000,137575.0000000,138620.0000000,1629210
SPFB.RTS,D,20120706,000000,138510.0000000,138735.0000000,134705.0000000,135845.0000000,1188820
SPFB.RTS,D,20120709,000000,135670.0000000,135750.0000000,133510.0000000,134765.0000000,1289153
SPFB.RTS,D,20120710,000000,134760.0000000,137195.0000000,133170.0000000,133605.0000000,1378122
SPFB.RTS,D,20120711,000000,133800.0000000,135445.0000000,133200.0000000,135235.0000000,1249466
SPFB.RTS,D,20120712,000000,135225.0000000,135225.0000000,131865.0000000,134795.0000000,1333815
SPFB.RTS,D,20120713,000000,134800.0000000,136640.0000000,134245.0000000,136475.0000000,847463
SPFB.RTS,D,20120716,000000,136460.0000000,137475.0000000,135345.0000000,136950.0000000,898355
SPFB.RTS,D,20120717,000000,136965.0000000,139500.0000000,136965.0000000,138940.0000000,1119331
SPFB.RTS,D,20120718,000000,138920.0000000,139395.0000000,137605.0000000,138795.0000000,941133
SPFB.RTS,D,20120719,000000,138795.0000000,141900.0000000,138795.0000000,140765.0000000,1150064
SPFB.RTS,D,20120720,000000,140655.0000000,140655.0000000,137855.0000000,138130.0000000,852777
SPFB.RTS,D,20120723,000000,138120.0000000,138120.0000000,130640.0000000,132695.0000000,1413958
SPFB.RTS,D,20120724,000000,132640.0000000,133070.0000000,128125.0000000,129055.0000000,1420783
SPFB.RTS,D,20120725,000000,129030.0000000,132735.0000000,128100.0000000,131710.0000000,1503294
SPFB.RTS,D,20120726,000000,131760.0000000,134905.0000000,130360.0000000,134765.0000000,1525064
SPFB.RTS,D,20120727,000000,134800.0000000,140310.0000000,134540.0000000,140275.0000000,1513892
SPFB.RTS,D,20120730,000000,140090.0000000,140500.0000000,138170.0000000,138705.0000000,1059169
SPFB.RTS,D,20120731,000000,138765.0000000,139735.0000000,136135.0000000,136405.0000000,1132189
SPFB.RTS,D,20120801,000000,136400.0000000,138070.0000000,135415.0000000,135910.0000000,1067053
SPFB.RTS,D,20120802,000000,136050.0000000,139085.0000000,133070.0000000,133885.0000000,1815235
SPFB.RTS,D,20120803,000000,134050.0000000,139975.0000000,134050.0000000,139755.0000000,1286722
SPFB.RTS,D,20120806,000000,139800.0000000,143630.0000000,138890.0000000,142370.0000000,1286128
SPFB.RTS,D,20120807,000000,142240.0000000,145060.0000000,141835.0000000,143780.0000000,1177361
SPFB.RTS,D,20120808,000000,143775.0000000,144925.0000000,142195.0000000,143810.0000000,1066246
SPFB.RTS,D,20120809,000000,144050.0000000,146110.0000000,142500.0000000,144000.0000000,1405078
SPFB.RTS,D,20120810,000000,143960.0000000,143960.0000000,140330.0000000,143420.0000000,1228714
SPFB.RTS,D,20120813,000000,143350.0000000,145535.0000000,142040.0000000,143125.0000000,1243908
SPFB.RTS,D,20120814,000000,143180.0000000,145210.0000000,143180.0000000,143375.0000000,1213096
SPFB.RTS,D,20120815,000000,143260.0000000,143670.0000000,140630.0000000,143050.0000000,1200453
SPFB.RTS,D,20120816,000000,143080.0000000,144000.0000000,141550.0000000,143905.0000000,1124148
SPFB.RTS,D,20120817,000000,143800.0000000,143920.0000000,141000.0000000,142150.0000000,986680
SPFB.RTS,D,20120820,000000,142000.0000000,142150.0000000,139000.0000000,141200.0000000,1162351
SPFB.RTS,D,20120821,000000,141230.0000000,144340.0000000,141025.0000000,141970.0000000,1159056
SPFB.RTS,D,20120822,000000,141890.0000000,144255.0000000,141365.0000000,143865.0000000,1103374
SPFB.RTS,D,20120823,000000,143865.0000000,146110.0000000,142170.0000000,142225.0000000,1245301
SPFB.RTS,D,20120824,000000,142340.0000000,144485.0000000,141890.0000000,143815.0000000,1087187
SPFB.RTS,D,20120827,000000,143860.0000000,144380.0000000,142025.0000000,142495.0000000,944161
SPFB.RTS,D,20120828,000000,142495.0000000,143320.0000000,141525.0000000,142470.0000000,1157458
SPFB.RTS,D,20120829,000000,142450.0000000,143460.0000000,139950.0000000,141175.0000000,1137263
SPFB.RTS,D,20120830,000000,141120.0000000,141120.0000000,137785.0000000,138970.0000000,1163943
SPFB.RTS,D,20120831,000000,138870.0000000,139750.0000000,137600.0000000,138295.0000000,1457332
SPFB.RTS,D,20120903,000000,138285.0000000,141150.0000000,137900.0000000,140730.0000000,797173
SPFB.RTS,D,20120904,000000,140740.0000000,141840.0000000,139905.0000000,140620.0000000,1028802
SPFB.RTS,D,20120905,000000,140615.0000000,140615.0000000,138220.0000000,139290.0000000,1250298
SPFB.RTS,D,20120906,000000,139305.0000000,144340.0000000,139305.0000000,143820.0000000,1381350
SPFB.RTS,D,20120907,000000,143890.0000000,148105.0000000,143890.0000000,147200.0000000,1523478
SPFB.RTS,D,20120910,000000,146425.0000000,147265.0000000,145605.0000000,145980.0000000,27050
SPFB.RTS,D,20120911,000000,145930.0000000,148150.0000000,145025.0000000,147555.0000000,54161
SPFB.RTS,D,20120912,000000,147745.0000000,149235.0000000,147150.0000000,147825.0000000,100007
SPFB.RTS,D,20120913,000000,147900.0000000,153025.0000000,147195.0000000,153025.0000000,209275
SPFB.RTS,D,20120914,000000,153055.0000000,159250.0000000,152200.0000000,157200.0000000,544630
SPFB.RTS,D,20120917,000000,157260.0000000,158125.0000000,154400.0000000,155020.0000000,841185
SPFB.RTS,D,20120918,000000,155100.0000000,156000.0000000,152870.0000000,153910.0000000,948569
SPFB.RTS,D,20120919,000000,153940.0000000,155990.0000000,149830.0000000,151370.0000000,1512065
SPFB.RTS,D,20120920,000000,151330.0000000,152010.0000000,147050.0000000,151470.0000000,1345350
SPFB.RTS,D,20120921,000000,151690.0000000,152850.0000000,150270.0000000,150930.0000000,988752
SPFB.RTS,D,20120924,000000,150760.0000000,151760.0000000,148320.0000000,151370.0000000,1021617
SPFB.RTS,D,20120925,000000,151420.0000000,151730.0000000,147500.0000000,147610.0000000,1281291
SPFB.RTS,D,20120926,000000,147510.0000000,148180.0000000,144550.0000000,145490.0000000,1297568
SPFB.RTS,D,20120927,000000,145500.0000000,148980.0000000,144620.0000000,148570.0000000,1304016
SPFB.RTS,D,20120928,000000,148730.0000000,149390.0000000,145740.0000000,147220.0000000,1261843
SPFB.RTS,D,20121001,000000,147210.0000000,151560.0000000,145920.0000000,149010.0000000,1399221
SPFB.RTS,D,20121002,000000,149080.0000000,151060.0000000,148850.0000000,149300.0000000,1311789
SPFB.RTS,D,20121003,000000,149300.0000000,150020.0000000,147150.0000000,147820.0000000,1451544
SPFB.RTS,D,20121004,000000,147880.0000000,149640.0000000,146420.0000000,149500.0000000,1569925
SPFB.RTS,D,20121005,000000,149540.0000000,151650.0000000,148550.0000000,148950.0000000,1417142
SPFB.RTS,D,20121008,000000,148840.0000000,149300.0000000,147360.0000000,149010.0000000,909138
SPFB.RTS,D,20121009,000000,149080.0000000,149900.0000000,147210.0000000,147840.0000000,1292780
SPFB.RTS,D,20121010,000000,147800.0000000,148420.0000000,145710.0000000,146460.0000000,1039703
SPFB.RTS,D,20121011,000000,146430.0000000,148990.0000000,146260.0000000,147760.0000000,1126571
SPFB.RTS,D,20121012,000000,147800.0000000,148340.0000000,145420.0000000,146380.0000000,1254043
SPFB.RTS,D,20121015,000000,146370.0000000,147840.0000000,145770.0000000,147170.0000000,1044890
SPFB.RTS,D,20121016,000000,147200.0000000,148930.0000000,146140.0000000,148310.0000000,1174872
SPFB.RTS,D,20121017,000000,148270.0000000,151570.0000000,148270.0000000,150380.0000000,1274697
SPFB.RTS,D,20121018,000000,150390.0000000,152310.0000000,149610.0000000,150000.0000000,1347442
SPFB.RTS,D,20121019,000000,150000.0000000,150460.0000000,147010.0000000,147300.0000000,1146807
SPFB.RTS,D,20121022,000000,147390.0000000,149820.0000000,147210.0000000,148740.0000000,1241663
SPFB.RTS,D,20121023,000000,148830.0000000,149230.0000000,144570.0000000,145730.0000000,1458808
SPFB.RTS,D,20121024,000000,145800.0000000,146610.0000000,143600.0000000,144700.0000000,1704455
SPFB.RTS,D,20121025,000000,144730.0000000,146880.0000000,144010.0000000,145350.0000000,1411132
SPFB.RTS,D,20121026,000000,145330.0000000,145330.0000000,141820.0000000,143870.0000000,1468866
SPFB.RTS,D,20121029,000000,143860.0000000,143860.0000000,141810.0000000,142320.0000000,930076
SPFB.RTS,D,20121030,000000,142250.0000000,143740.0000000,141550.0000000,142270.0000000,933749
SPFB.RTS,D,20121031,000000,142210.0000000,144270.0000000,141700.0000000,142230.0000000,1215705
SPFB.RTS,D,20121101,000000,142200.0000000,143970.0000000,140610.0000000,143970.0000000,1453054
SPFB.RTS,D,20121102,000000,143910.0000000,144870.0000000,142210.0000000,142660.0000000,1166362
SPFB.RTS,D,20121106,000000,142750.0000000,145500.0000000,142460.0000000,145340.0000000,965255
SPFB.RTS,D,20121107,000000,145380.0000000,145750.0000000,140090.0000000,140490.0000000,1530720
SPFB.RTS,D,20121108,000000,140450.0000000,141500.0000000,138780.0000000,139430.0000000,1605128
SPFB.RTS,D,20121109,000000,139370.0000000,140760.0000000,137950.0000000,140250.0000000,1438944
SPFB.RTS,D,20121112,000000,140240.0000000,140440.0000000,138250.0000000,140050.0000000,1069015
SPFB.RTS,D,20121113,000000,140000.0000000,140000.0000000,135540.0000000,136880.0000000,1676802
SPFB.RTS,D,20121114,000000,136840.0000000,137370.0000000,135170.0000000,135940.0000000,1549751
SPFB.RTS,D,20121115,000000,135880.0000000,138040.0000000,135330.0000000,137240.0000000,1275243
SPFB.RTS,D,20121116,000000,137210.0000000,138390.0000000,136170.0000000,138010.0000000,1219785
SPFB.RTS,D,20121119,000000,138020.0000000,140360.0000000,138020.0000000,140130.0000000,909593
SPFB.RTS,D,20121120,000000,140110.0000000,140850.0000000,139130.0000000,140010.0000000,1079314
SPFB.RTS,D,20121121,000000,139980.0000000,142110.0000000,139070.0000000,141700.0000000,1132802
SPFB.RTS,D,20121122,000000,141700.0000000,142840.0000000,141670.0000000,142700.0000000,602584
SPFB.RTS,D,20121123,000000,142680.0000000,144520.0000000,141730.0000000,144060.0000000,789158
SPFB.RTS,D,20121126,000000,144000.0000000,144000.0000000,141920.0000000,143120.0000000,905044
SPFB.RTS,D,20121127,000000,143190.0000000,143990.0000000,140790.0000000,141170.0000000,1085801
SPFB.RTS,D,20121128,000000,141120.0000000,141190.0000000,138910.0000000,140740.0000000,1249569
SPFB.RTS,D,20121129,000000,140750.0000000,142450.0000000,140510.0000000,141980.0000000,1171520
SPFB.RTS,D,20121130,000000,141930.0000000,143980.0000000,141560.0000000,143400.0000000,1075969
SPFB.RTS,D,20121203,000000,143430.0000000,145220.0000000,143120.0000000,144080.0000000,1017775
SPFB.RTS,D,20121204,000000,144020.0000000,144760.0000000,143420.0000000,144670.0000000,972072
SPFB.RTS,D,20121205,000000,144690.0000000,148060.0000000,144690.0000000,147650.0000000,1179060
SPFB.RTS,D,20121206,000000,147620.0000000,147850.0000000,145930.0000000,146310.0000000,1074659
SPFB.RTS,D,20121207,000000,146330.0000000,147300.0000000,145230.0000000,147150.0000000,743235
SPFB.RTS,D,20121210,000000,147150.0000000,148680.0000000,146630.0000000,147880.0000000,32128
SPFB.RTS,D,20121211,000000,147970.0000000,149380.0000000,147580.0000000,149290.0000000,44122
SPFB.RTS,D,20121212,000000,149340.0000000,152100.0000000,148950.0000000,151940.0000000,148287
SPFB.RTS,D,20121213,000000,151940.0000000,151940.0000000,148880.0000000,149200.0000000,239922
SPFB.RTS,D,20121214,000000,149290.0000000,150970.0000000,149290.0000000,150020.0000000,369671
SPFB.RTS,D,20121217,000000,150130.0000000,150780.0000000,148570.0000000,149580.0000000,740704
SPFB.RTS,D,20121218,000000,149590.0000000,152640.0000000,149590.0000000,152200.0000000,857469
SPFB.RTS,D,20121219,000000,152250.0000000,152850.0000000,151500.0000000,151510.0000000,735400
SPFB.RTS,D,20121220,000000,151510.0000000,153750.0000000,150620.0000000,153670.0000000,948011
SPFB.RTS,D,20121221,000000,153530.0000000,153530.0000000,150720.0000000,151920.0000000,901685
SPFB.RTS,D,20121224,000000,151900.0000000,152150.0000000,151360.0000000,151680.0000000,362313
SPFB.RTS,D,20121225,000000,151610.0000000,152090.0000000,150830.0000000,151520.0000000,146746
SPFB.RTS,D,20121226,000000,151590.0000000,153090.0000000,151530.0000000,152550.0000000,248891
SPFB.RTS,D,20121227,000000,152490.0000000,153890.0000000,152250.0000000,152880.0000000,419128
SPFB.RTS,D,20121228,000000,152950.0000000,154180.0000000,152320.0000000,153590.0000000,452392
SPFB.RTS,D,20130108,000000,153680.0000000,158570.0000000,153680.0000000,157120.0000000,470289
SPFB.RTS,D,20130109,000000,157150.0000000,157570.0000000,156660.0000000,157020.0000000,413765
SPFB.RTS,D,20130110,000000,157110.0000000,157860.0000000,156320.0000000,157290.0000000,571389
SPFB.RTS,D,20130111,000000,157290.0000000,157670.0000000,156680.0000000,157020.0000000,536884
SPFB.RTS,D,20130114,000000,157030.0000000,159640.0000000,157030.0000000,159090.0000000,650906
SPFB.RTS,D,20130115,000000,159060.0000000,159460.0000000,157570.0000000,157860.0000000,681677
SPFB.RTS,D,20130116,000000,157830.0000000,157950.0000000,156150.0000000,157830.0000000,729251
SPFB.RTS,D,20130117,000000,157810.0000000,159280.0000000,157210.0000000,159190.0000000,668655
SPFB.RTS,D,20130118,000000,159140.0000000,160860.0000000,159050.0000000,160180.0000000,781731
SPFB.RTS,D,20130121,000000,160210.0000000,160670.0000000,159460.0000000,160210.0000000,409317
SPFB.RTS,D,20130122,000000,160260.0000000,160620.0000000,158160.0000000,159640.0000000,891732
SPFB.RTS,D,20130123,000000,159520.0000000,160780.0000000,158720.0000000,159750.0000000,890090
SPFB.RTS,D,20130124,000000,159710.0000000,161240.0000000,158370.0000000,160260.0000000,1048911
SPFB.RTS,D,20130125,000000,160250.0000000,162140.0000000,159730.0000000,162020.0000000,832943
SPFB.RTS,D,20130128,000000,162070.0000000,164030.0000000,161480.0000000,163090.0000000,958426
SPFB.RTS,D,20130129,000000,163100.0000000,163900.0000000,161960.0000000,162940.0000000,917287
SPFB.RTS,D,20130130,000000,162960.0000000,163640.0000000,160900.0000000,161390.0000000,1015865
SPFB.RTS,D,20130131,000000,161350.0000000,162850.0000000,160620.0000000,162650.0000000,982641
SPFB.RTS,D,20130201,000000,162680.0000000,163890.0000000,162120.0000000,163530.0000000,1056749
SPFB.RTS,D,20130204,000000,163490.0000000,163700.0000000,160050.0000000,160210.0000000,1040270
SPFB.RTS,D,20130205,000000,160200.0000000,161940.0000000,159810.0000000,161930.0000000,949121
SPFB.RTS,D,20130206,000000,161890.0000000,163090.0000000,159230.0000000,159650.0000000,1358975
SPFB.RTS,D,20130207,000000,159700.0000000,160710.0000000,157630.0000000,158480.0000000,1400573
SPFB.RTS,D,20130208,000000,158490.0000000,159330.0000000,157450.0000000,158650.0000000,1165024
SPFB.RTS,D,20130211,000000,158680.0000000,159460.0000000,157510.0000000,158060.0000000,1040752
SPFB.RTS,D,20130212,000000,158000.0000000,158790.0000000,157100.0000000,158540.0000000,894910
SPFB.RTS,D,20130213,000000,158560.0000000,161540.0000000,158360.0000000,160390.0000000,1191417
SPFB.RTS,D,20130214,000000,160400.0000000,162220.0000000,157860.0000000,158850.0000000,1485363
SPFB.RTS,D,20130215,000000,158850.0000000,158850.0000000,156370.0000000,156550.0000000,1172600
SPFB.RTS,D,20130218,000000,156580.0000000,157980.0000000,156260.0000000,157790.0000000,740818
SPFB.RTS,D,20130219,000000,157770.0000000,159430.0000000,157510.0000000,158890.0000000,958956
SPFB.RTS,D,20130220,000000,158910.0000000,159430.0000000,156370.0000000,156400.0000000,1134867
SPFB.RTS,D,20130221,000000,156400.0000000,156400.0000000,153680.0000000,154090.0000000,1212610
SPFB.RTS,D,20130222,000000,154260.0000000,155520.0000000,154260.0000000,154950.0000000,858433
SPFB.RTS,D,20130225,000000,154970.0000000,156680.0000000,154320.0000000,154390.0000000,1178796
SPFB.RTS,D,20130226,000000,154380.0000000,154380.0000000,152020.0000000,153300.0000000,1513779
SPFB.RTS,D,20130227,000000,153290.0000000,153740.0000000,152140.0000000,153730.0000000,1188130
SPFB.RTS,D,20130228,000000,153740.0000000,154190.0000000,152650.0000000,152990.0000000,1113963
SPFB.RTS,D,20130301,000000,152910.0000000,152910.0000000,150180.0000000,151520.0000000,1406813
SPFB.RTS,D,20130304,000000,151500.0000000,151500.0000000,149020.0000000,150480.0000000,1438445
SPFB.RTS,D,20130305,000000,150490.0000000,152850.0000000,150380.0000000,152840.0000000,1141144
SPFB.RTS,D,20130306,000000,152840.0000000,153780.0000000,152230.0000000,153420.0000000,1169056
SPFB.RTS,D,20130307,000000,153350.0000000,153570.0000000,152710.0000000,153320.0000000,848307
SPFB.RTS,D,20130311,000000,149310.0000000,151500.0000000,149310.0000000,150720.0000000,86954
SPFB.RTS,D,20130312,000000,150710.0000000,150710.0000000,149220.0000000,149400.0000000,191845
SPFB.RTS,D,20130313,000000,149460.0000000,150830.0000000,148590.0000000,148950.0000000,320676
SPFB.RTS,D,20130314,000000,149000.0000000,150000.0000000,148500.0000000,150000.0000000,403884
SPFB.RTS,D,20130315,000000,150000.0000000,151550.0000000,148730.0000000,149140.0000000,1102455
SPFB.RTS,D,20130318,000000,149090.0000000,149090.0000000,142620.0000000,144290.0000000,1558043
SPFB.RTS,D,20130319,000000,144370.0000000,145160.0000000,140860.0000000,141460.0000000,1885865
SPFB.RTS,D,20130320,000000,141460.0000000,144720.0000000,141460.0000000,144350.0000000,1784014
SPFB.RTS,D,20130321,000000,144280.0000000,144650.0000000,143100.0000000,143510.0000000,1331833
SPFB.RTS,D,20130322,000000,143430.0000000,143490.0000000,142050.0000000,142330.0000000,994553
SPFB.RTS,D,20130325,000000,142380.0000000,144540.0000000,140050.0000000,140670.0000000,1355379
SPFB.RTS,D,20130326,000000,140740.0000000,141580.0000000,139300.0000000,140850.0000000,1475873
SPFB.RTS,D,20130327,000000,140810.0000000,141000.0000000,138690.0000000,140260.0000000,1580501
SPFB.RTS,D,20130328,000000,140240.0000000,141420.0000000,138800.0000000,141330.0000000,1550285
SPFB.RTS,D,20130329,000000,141360.0000000,141450.0000000,140810.0000000,141200.0000000,267466
SPFB.RTS,D,20130401,000000,141170.0000000,141650.0000000,139300.0000000,139610.0000000,965321
SPFB.RTS,D,20130402,000000,139660.0000000,140650.0000000,138820.0000000,138990.0000000,1236843
SPFB.RTS,D,20130403,000000,139010.0000000,139470.0000000,136080.0000000,136400.0000000,1372380
SPFB.RTS,D,20130404,000000,136400.0000000,139230.0000000,136400.0000000,138440.0000000,1646498
SPFB.RTS,D,20130405,000000,138400.0000000,138400.0000000,136140.0000000,138300.0000000,1539313
SPFB.RTS,D,20130408,000000,138300.0000000,139040.0000000,137530.0000000,138770.0000000,1056927
SPFB.RTS,D,20130409,000000,138780.0000000,140840.0000000,138430.0000000,140760.0000000,1430948
SPFB.RTS,D,20130410,000000,140790.0000000,141880.0000000,140370.0000000,141260.0000000,1156485
SPFB.RTS,D,20130411,000000,141290.0000000,141400.0000000,138450.0000000,138780.0000000,1202210
SPFB.RTS,D,20130412,000000,138750.0000000,138980.0000000,136250.0000000,137540.0000000,1299366
SPFB.RTS,D,20130415,000000,137510.0000000,137510.0000000,131460.0000000,131650.0000000,1674297
SPFB.RTS,D,20130416,000000,131740.0000000,134250.0000000,131740.0000000,133090.0000000,1531300
SPFB.RTS,D,20130417,000000,133010.0000000,133560.0000000,128620.0000000,129400.0000000,1836785
SPFB.RTS,D,20130418,000000,129270.0000000,131470.0000000,128680.0000000,130190.0000000,1648000
SPFB.RTS,D,20130419,000000,130240.0000000,131360.0000000,129230.0000000,130500.0000000,1498412
SPFB.RTS,D,20130422,000000,130570.0000000,132230.0000000,127950.0000000,128980.0000000,1694525
SPFB.RTS,D,20130423,000000,128940.0000000,130200.0000000,127640.0000000,129890.0000000,1496887
SPFB.RTS,D,20130424,000000,129930.0000000,134970.0000000,129930.0000000,134740.0000000,1552885
SPFB.RTS,D,20130425,000000,134790.0000000,135840.0000000,134060.0000000,134210.0000000,1329183
SPFB.RTS,D,20130426,000000,134190.0000000,134940.0000000,132960.0000000,134890.0000000,1205795
SPFB.RTS,D,20130429,000000,134890.0000000,135540.0000000,134400.0000000,135010.0000000,898385
SPFB.RTS,D,20130430,000000,135000.0000000,137650.0000000,134200.0000000,137450.0000000,1104262
SPFB.RTS,D,20130502,000000,137330.0000000,137950.0000000,134910.0000000,137850.0000000,786831
SPFB.RTS,D,20130503,000000,137810.0000000,141070.0000000,137560.0000000,140720.0000000,829608
SPFB.RTS,D,20130506,000000,140810.0000000,141340.0000000,139920.0000000,140740.0000000,696120
SPFB.RTS,D,20130507,000000,140700.0000000,143480.0000000,140350.0000000,143020.0000000,971345
SPFB.RTS,D,20130508,000000,143080.0000000,144150.0000000,141830.0000000,143870.0000000,808389
SPFB.RTS,D,20130510,000000,143690.0000000,144200.0000000,140160.0000000,141270.0000000,817598
SPFB.RTS,D,20130513,000000,141200.0000000,141200.0000000,139120.0000000,139940.0000000,1012206
SPFB.RTS,D,20130514,000000,140000.0000000,142900.0000000,139700.0000000,140210.0000000,1348587
SPFB.RTS,D,20130515,000000,140150.0000000,141040.0000000,138120.0000000,139240.0000000,1275028
SPFB.RTS,D,20130516,000000,139200.0000000,139540.0000000,137220.0000000,137340.0000000,1154182
SPFB.RTS,D,20130517,000000,137490.0000000,140920.0000000,137330.0000000,140490.0000000,1119814
SPFB.RTS,D,20130520,000000,140500.0000000,142480.0000000,140430.0000000,141730.0000000,1037037
SPFB.RTS,D,20130521,000000,141670.0000000,144180.0000000,141150.0000000,143300.0000000,1194172
SPFB.RTS,D,20130522,000000,143350.0000000,147310.0000000,143290.0000000,144090.0000000,1655377
SPFB.RTS,D,20130523,000000,143900.0000000,143900.0000000,139250.0000000,140290.0000000,1751992
SPFB.RTS,D,20130524,000000,140200.0000000,140970.0000000,138000.0000000,139220.0000000,1401813
SPFB.RTS,D,20130527,000000,139290.0000000,139840.0000000,137680.0000000,138350.0000000,590676
SPFB.RTS,D,20130528,000000,138360.0000000,141100.0000000,137740.0000000,138590.0000000,1270256
SPFB.RTS,D,20130529,000000,138560.0000000,138560.0000000,135210.0000000,136100.0000000,1409993
SPFB.RTS,D,20130530,000000,135970.0000000,136950.0000000,134230.0000000,135910.0000000,1589451
SPFB.RTS,D,20130531,000000,135900.0000000,136340.0000000,130250.0000000,130430.0000000,1829416
SPFB.RTS,D,20130603,000000,130350.0000000,133050.0000000,129200.0000000,132580.0000000,1744092
SPFB.RTS,D,20130604,000000,132650.0000000,133700.0000000,130220.0000000,131550.0000000,1327872
SPFB.RTS,D,20130605,000000,131510.0000000,131730.0000000,128040.0000000,128490.0000000,1737928
SPFB.RTS,D,20130606,000000,128500.0000000,130240.0000000,126950.0000000,130000.0000000,1432316
SPFB.RTS,D,20130607,000000,130000.0000000,131200.0000000,127960.0000000,130080.0000000,1436647
SPFB.RTS,D,20130610,000000,129730.0000000,131290.0000000,128110.0000000,128540.0000000,89879
SPFB.RTS,D,20130611,000000,128440.0000000,129460.0000000,124540.0000000,125300.0000000,270427
SPFB.RTS,D,20130613,000000,125200.0000000,126700.0000000,122500.0000000,126550.0000000,541363
SPFB.RTS,D,20130614,000000,126510.0000000,128140.0000000,125300.0000000,126870.0000000,655734
SPFB.RTS,D,20130617,000000,127020.0000000,130790.0000000,127020.0000000,129770.0000000,1328035
SPFB.RTS,D,20130618,000000,129780.0000000,131230.0000000,129050.0000000,130480.0000000,1196603
SPFB.RTS,D,20130619,000000,130500.0000000,130780.0000000,125440.0000000,125630.0000000,1510974
SPFB.RTS,D,20130620,000000,125560.0000000,125560.0000000,121070.0000000,121320.0000000,1701668
SPFB.RTS,D,20130621,000000,121320.0000000,126250.0000000,121320.0000000,125020.0000000,1653866
SPFB.RTS,D,20130624,000000,124870.0000000,124870.0000000,121370.0000000,123780.0000000,1591936
SPFB.RTS,D,20130625,000000,123760.0000000,125320.0000000,122800.0000000,124910.0000000,1231294
SPFB.RTS,D,20130626,000000,124810.0000000,126430.0000000,123530.0000000,125190.0000000,1334537
SPFB.RTS,D,20130627,000000,125270.0000000,126330.0000000,124510.0000000,125310.0000000,1234470
SPFB.RTS,D,20130628,000000,125390.0000000,127380.0000000,124620.0000000,125830.0000000,1386182
SPFB.RTS,D,20130701,000000,125790.0000000,127240.0000000,125320.0000000,126420.0000000,910216
SPFB.RTS,D,20130702,000000,126470.0000000,127170.0000000,124180.0000000,124650.0000000,959502
SPFB.RTS,D,20130703,000000,124630.0000000,126550.0000000,124350.0000000,126340.0000000,926862
SPFB.RTS,D,20130704,000000,126340.0000000,127350.0000000,125100.0000000,127220.0000000,776737
SPFB.RTS,D,20130705,000000,127290.0000000,128190.0000000,125600.0000000,126200.0000000,1065235
SPFB.RTS,D,20130708,000000,126240.0000000,127190.0000000,125410.0000000,126800.0000000,746708
SPFB.RTS,D,20130709,000000,126800.0000000,128070.0000000,126800.0000000,127580.0000000,758398
SPFB.RTS,D,20130710,000000,127500.0000000,128100.0000000,125720.0000000,126200.0000000,939506
SPFB.RTS,D,20130711,000000,126200.0000000,132500.0000000,126200.0000000,132450.0000000,1344107
SPFB.RTS,D,20130712,000000,132390.0000000,134000.0000000,131810.0000000,133790.0000000,1028035
SPFB.RTS,D,20130715,000000,133850.0000000,135340.0000000,133850.0000000,135170.0000000,832039
SPFB.RTS,D,20130716,000000,135140.0000000,136970.0000000,134920.0000000,136890.0000000,942417
SPFB.RTS,D,20130717,000000,136800.0000000,140330.0000000,136250.0000000,139840.0000000,1149713
SPFB.RTS,D,20130718,000000,139810.0000000,139870.0000000,135100.0000000,136750.0000000,1330496
SPFB.RTS,D,20130719,000000,136660.0000000,139690.0000000,135970.0000000,137760.0000000,1096611
SPFB.RTS,D,20130722,000000,138000.0000000,139390.0000000,136680.0000000,137610.0000000,938667
SPFB.RTS,D,20130723,000000,137700.0000000,139280.0000000,136900.0000000,137380.0000000,850981
SPFB.RTS,D,20130724,000000,137300.0000000,137730.0000000,135630.0000000,135830.0000000,1010033
SPFB.RTS,D,20130725,000000,135870.0000000,136080.0000000,134220.0000000,135890.0000000,977779
SPFB.RTS,D,20130726,000000,135910.0000000,136170.0000000,133430.0000000,135010.0000000,675003
SPFB.RTS,D,20130729,000000,134920.0000000,134940.0000000,133680.0000000,134180.0000000,658538
SPFB.RTS,D,20130730,000000,134200.0000000,134900.0000000,131860.0000000,132450.0000000,813151
SPFB.RTS,D,20130731,000000,132450.0000000,132990.0000000,130640.0000000,131920.0000000,1138462
SPFB.RTS,D,20130801,000000,131940.0000000,134090.0000000,131940.0000000,134030.0000000,923678
SPFB.RTS,D,20130802,000000,134100.0000000,134430.0000000,131820.0000000,133500.0000000,973829
SPFB.RTS,D,20130805,000000,133500.0000000,134280.0000000,132620.0000000,132900.0000000,596099
SPFB.RTS,D,20130806,000000,132860.0000000,132900.0000000,129700.0000000,130150.0000000,869380
SPFB.RTS,D,20130807,000000,130110.0000000,131200.0000000,129050.0000000,130480.0000000,962311
SPFB.RTS,D,20130808,000000,130490.0000000,131120.0000000,129150.0000000,130900.0000000,939568
SPFB.RTS,D,20130809,000000,130900.0000000,132640.0000000,129970.0000000,132220.0000000,940995
SPFB.RTS,D,20130812,000000,132180.0000000,132530.0000000,131200.0000000,132330.0000000,684094
SPFB.RTS,D,20130813,000000,132350.0000000,134090.0000000,132350.0000000,133960.0000000,721914
SPFB.RTS,D,20130814,000000,133870.0000000,135450.0000000,133280.0000000,134990.0000000,748268
SPFB.RTS,D,20130815,000000,134960.0000000,135570.0000000,131580.0000000,133070.0000000,1016363
SPFB.RTS,D,20130816,000000,133030.0000000,133550.0000000,131140.0000000,131400.0000000,948656
SPFB.RTS,D,20130819,000000,131350.0000000,132220.0000000,130730.0000000,130970.0000000,726519
SPFB.RTS,D,20130820,000000,130940.0000000,131940.0000000,130060.0000000,131470.0000000,733908
SPFB.RTS,D,20130821,000000,131400.0000000,132700.0000000,129880.0000000,130380.0000000,1091446
SPFB.RTS,D,20130822,000000,130340.0000000,133200.0000000,129280.0000000,132900.0000000,981666
SPFB.RTS,D,20130823,000000,132890.0000000,133690.0000000,132500.0000000,133450.0000000,690150
SPFB.RTS,D,20130826,000000,133490.0000000,134270.0000000,131070.0000000,131160.0000000,774895
SPFB.RTS,D,20130827,000000,131140.0000000,131400.0000000,129550.0000000,129650.0000000,944406
SPFB.RTS,D,20130828,000000,129690.0000000,130580.0000000,128300.0000000,129550.0000000,1335612
SPFB.RTS,D,20130829,000000,129400.0000000,131150.0000000,129000.0000000,129200.0000000,967049
SPFB.RTS,D,20130830,000000,129230.0000000,129910.0000000,128140.0000000,128450.0000000,824584
SPFB.RTS,D,20130902,000000,128580.0000000,129850.0000000,128580.0000000,129380.0000000,416315
SPFB.RTS,D,20130903,000000,129390.0000000,130630.0000000,128250.0000000,128660.0000000,1013239
SPFB.RTS,D,20130904,000000,128750.0000000,130320.0000000,128270.0000000,130050.0000000,762177
SPFB.RTS,D,20130905,000000,130010.0000000,134500.0000000,129700.0000000,134190.0000000,1190130
SPFB.RTS,D,20130906,000000,134180.0000000,137170.0000000,133740.0000000,135320.0000000,1345031
SPFB.RTS,D,20130909,000000,135400.0000000,139030.0000000,135120.0000000,138640.0000000,1114077
SPFB.RTS,D,20130910,000000,138190.0000000,139000.0000000,137380.0000000,138540.0000000,72997
SPFB.RTS,D,20130911,000000,138630.0000000,139650.0000000,138080.0000000,139410.0000000,178221
SPFB.RTS,D,20130912,000000,139500.0000000,140510.0000000,138260.0000000,139370.0000000,263652
SPFB.RTS,D,20130913,000000,139300.0000000,140440.0000000,138300.0000000,140030.0000000,339414
SPFB.RTS,D,20130916,000000,140070.0000000,143610.0000000,140070.0000000,142760.0000000,931611
SPFB.RTS,D,20130917,000000,142740.0000000,143770.0000000,142300.0000000,143160.0000000,589155
SPFB.RTS,D,20130918,000000,143210.0000000,148110.0000000,142060.0000000,148110.0000000,1241438
SPFB.RTS,D,20130919,000000,148110.0000000,149870.0000000,146750.0000000,147890.0000000,910480
SPFB.RTS,D,20130920,000000,147800.0000000,147800.0000000,145340.0000000,145700.0000000,602612
SPFB.RTS,D,20130923,000000,145750.0000000,146380.0000000,144160.0000000,145110.0000000,667910
SPFB.RTS,D,20130924,000000,145050.0000000,145810.0000000,143860.0000000,144600.0000000,655053
SPFB.RTS,D,20130925,000000,144600.0000000,146340.0000000,143670.0000000,145600.0000000,842230
SPFB.RTS,D,20130926,000000,145660.0000000,146280.0000000,144080.0000000,144960.0000000,864777
SPFB.RTS,D,20130927,000000,144870.0000000,145000.0000000,142900.0000000,143370.0000000,942074
SPFB.RTS,D,20130930,000000,143320.0000000,143320.0000000,141230.0000000,141590.0000000,784222
SPFB.RTS,D,20131001,000000,141650.0000000,144820.0000000,141650.0000000,144630.0000000,860466
SPFB.RTS,D,20131002,000000,144530.0000000,144530.0000000,141390.0000000,142830.0000000,1075732
SPFB.RTS,D,20131003,000000,142790.0000000,143790.0000000,141850.0000000,142980.0000000,925058
SPFB.RTS,D,20131004,000000,142890.0000000,144750.0000000,141920.0000000,144580.0000000,831264
SPFB.RTS,D,20131007,000000,144440.0000000,144650.0000000,142650.0000000,144120.0000000,775265
SPFB.RTS,D,20131008,000000,144090.0000000,147160.0000000,144020.0000000,145710.0000000,1259256
SPFB.RTS,D,20131009,000000,145780.0000000,147300.0000000,145430.0000000,146600.0000000,1011438
SPFB.RTS,D,20131010,000000,146600.0000000,149220.0000000,146550.0000000,149140.0000000,980885
SPFB.RTS,D,20131011,000000,149170.0000000,149310.0000000,147110.0000000,148280.0000000,757128
SPFB.RTS,D,20131014,000000,148260.0000000,149290.0000000,146590.0000000,149140.0000000,705908
SPFB.RTS,D,20131015,000000,149250.0000000,149840.0000000,148120.0000000,148380.0000000,968839
SPFB.RTS,D,20131016,000000,148480.0000000,150720.0000000,148480.0000000,150530.0000000,886589
SPFB.RTS,D,20131017,000000,150480.0000000,150620.0000000,147850.0000000,149940.0000000,980751
SPFB.RTS,D,20131018,000000,150000.0000000,152160.0000000,149630.0000000,151380.0000000,884605
SPFB.RTS,D,20131021,000000,151420.0000000,152050.0000000,150600.0000000,151090.0000000,639567
SPFB.RTS,D,20131022,000000,151090.0000000,152220.0000000,150250.0000000,151650.0000000,803253
SPFB.RTS,D,20131023,000000,151600.0000000,151600.0000000,148420.0000000,148680.0000000,811002
SPFB.RTS,D,20131024,000000,148720.0000000,150100.0000000,148520.0000000,148660.0000000,865685
SPFB.RTS,D,20131025,000000,148650.0000000,149540.0000000,148040.0000000,149130.0000000,668854
SPFB.RTS,D,20131028,000000,149130.0000000,150390.0000000,148600.0000000,148930.0000000,670447
SPFB.RTS,D,20131029,000000,148930.0000000,149590.0000000,148190.0000000,148570.0000000,714255
SPFB.RTS,D,20131030,000000,148600.0000000,150160.0000000,146740.0000000,147960.0000000,1047136
SPFB.RTS,D,20131031,000000,147810.0000000,148200.0000000,147000.0000000,147730.0000000,807847
SPFB.RTS,D,20131101,000000,147680.0000000,148400.0000000,146800.0000000,147190.0000000,624368
SPFB.RTS,D,20131105,000000,147230.0000000,148000.0000000,145230.0000000,145380.0000000,699964
SPFB.RTS,D,20131106,000000,145420.0000000,146550.0000000,145160.0000000,145850.0000000,788983
SPFB.RTS,D,20131107,000000,145810.0000000,147580.0000000,144740.0000000,145000.0000000,932599
SPFB.RTS,D,20131108,000000,144950.0000000,145000.0000000,142820.0000000,143950.0000000,822403
SPFB.RTS,D,20131111,000000,143960.0000000,144440.0000000,142140.0000000,142590.0000000,634724
SPFB.RTS,D,20131112,000000,142630.0000000,143850.0000000,142060.0000000,142630.0000000,810061
SPFB.RTS,D,20131113,000000,142590.0000000,142840.0000000,140040.0000000,141500.0000000,982412
SPFB.RTS,D,20131114,000000,141510.0000000,144400.0000000,141510.0000000,144000.0000000,1040306
SPFB.RTS,D,20131115,000000,144050.0000000,144970.0000000,143210.0000000,144780.0000000,913712
SPFB.RTS,D,20131118,000000,144780.0000000,146940.0000000,144640.0000000,146550.0000000,792665
SPFB.RTS,D,20131119,000000,146520.0000000,146650.0000000,144130.0000000,144580.0000000,782123
SPFB.RTS,D,20131120,000000,144510.0000000,144880.0000000,143270.0000000,143510.0000000,871701
SPFB.RTS,D,20131121,000000,143480.0000000,143800.0000000,142110.0000000,143800.0000000,897723
SPFB.RTS,D,20131122,000000,143700.0000000,145110.0000000,143040.0000000,145090.0000000,739256
SPFB.RTS,D,20131125,000000,145100.0000000,145470.0000000,142810.0000000,143270.0000000,703910
SPFB.RTS,D,20131126,000000,143290.0000000,143580.0000000,141270.0000000,142620.0000000,860424
SPFB.RTS,D,20131127,000000,142600.0000000,142600.0000000,140330.0000000,141040.0000000,934043
SPFB.RTS,D,20131128,000000,141060.0000000,141550.0000000,140110.0000000,140620.0000000,556954
SPFB.RTS,D,20131129,000000,140580.0000000,141390.0000000,139260.0000000,140590.0000000,941783
SPFB.RTS,D,20131202,000000,140590.0000000,141550.0000000,138500.0000000,138760.0000000,814682
SPFB.RTS,D,20131203,000000,138730.0000000,139150.0000000,136210.0000000,137190.0000000,1167363
SPFB.RTS,D,20131204,000000,137210.0000000,138000.0000000,135840.0000000,137160.0000000,1209019
SPFB.RTS,D,20131205,000000,137210.0000000,137770.0000000,135530.0000000,135760.0000000,968359
SPFB.RTS,D,20131206,000000,135790.0000000,139370.0000000,135770.0000000,139310.0000000,1253482
SPFB.RTS,D,20131209,000000,139340.0000000,141410.0000000,138460.0000000,140980.0000000,1006029
SPFB.RTS,D,20131210,000000,140930.0000000,143300.0000000,140010.0000000,140400.0000000,61835
SPFB.RTS,D,20131211,000000,140420.0000000,141100.0000000,138540.0000000,138740.0000000,89232
SPFB.RTS,D,20131212,000000,138600.0000000,140020.0000000,138000.0000000,139190.0000000,254658
SPFB.RTS,D,20131213,000000,139180.0000000,139690.0000000,138400.0000000,139350.0000000,279415
SPFB.RTS,D,20131216,000000,139160.0000000,141300.0000000,138270.0000000,140990.0000000,848425
SPFB.RTS,D,20131217,000000,140950.0000000,142130.0000000,140850.0000000,141600.0000000,749971
SPFB.RTS,D,20131218,000000,141660.0000000,144840.0000000,140660.0000000,144680.0000000,943789
SPFB.RTS,D,20131219,000000,144690.0000000,145200.0000000,143180.0000000,143640.0000000,792390
SPFB.RTS,D,20131220,000000,143680.0000000,143950.0000000,142610.0000000,143810.0000000,610439
SPFB.RTS,D,20131223,000000,143830.0000000,146280.0000000,143820.0000000,145720.0000000,607735
SPFB.RTS,D,20131224,000000,145670.0000000,146410.0000000,145520.0000000,145970.0000000,300168
SPFB.RTS,D,20131225,000000,146000.0000000,146200.0000000,144820.0000000,145020.0000000,218745
SPFB.RTS,D,20131226,000000,145050.0000000,145950.0000000,144860.0000000,145000.0000000,204484
SPFB.RTS,D,20131227,000000,144990.0000000,145940.0000000,144490.0000000,144840.0000000,296392
SPFB.RTS,D,20131230,000000,144790.0000000,145260.0000000,144080.0000000,144590.0000000,269716
