<TICKER>,<PER>,<DATE>,<TIME>,<OPEN>,<HIGH>,<LOW>,<CLOSE>,<VOL>
SPFB.MIX,D,20120103,000000,141895.0000000,145600.0000000,141895.0000000,145255.0000000,2429
SPFB.MIX,D,20120104,000000,145240.0000000,146000.0000000,143955.0000000,145660.0000000,7768
SPFB.MIX,D,20120105,000000,145620.0000000,146330.0000000,143400.0000000,144440.0000000,8112
SPFB.MIX,D,20120106,000000,144035.0000000,145880.0000000,143320.0000000,144000.0000000,8768
SPFB.MIX,D,20120109,000000,143700.0000000,145265.0000000,143445.0000000,144665.0000000,2407
SPFB.MIX,D,20120110,000000,144940.0000000,148620.0000000,144940.0000000,147730.0000000,3896
SPFB.MIX,D,20120111,000000,147355.0000000,148380.0000000,146375.0000000,147340.0000000,4329
SPFB.MIX,D,20120112,000000,147795.0000000,149175.0000000,146085.0000000,146085.0000000,4134
SPFB.MIX,D,20120113,000000,146835.0000000,148180.0000000,145230.0000000,146150.0000000,5590
SPFB.MIX,D,20120116,000000,145535.0000000,147630.0000000,144745.0000000,147305.0000000,3801
SPFB.MIX,D,20120117,000000,147990.0000000,150245.0000000,147500.0000000,149185.0000000,3219
SPFB.MIX,D,20120118,000000,148620.0000000,150585.0000000,148100.0000000,150360.0000000,4397
SPFB.MIX,D,20120119,000000,150500.0000000,151230.0000000,149490.0000000,150925.0000000,4497
SPFB.MIX,D,20120120,000000,151010.0000000,151105.0000000,148900.0000000,149305.0000000,3829
SPFB.MIX,D,20120123,000000,149400.0000000,150935.0000000,148200.0000000,149830.0000000,5821
SPFB.MIX,D,20120124,000000,149975.0000000,150560.0000000,148535.0000000,150120.0000000,4223
SPFB.MIX,D,20120125,000000,150450.0000000,152575.0000000,149815.0000000,151920.0000000,4714
SPFB.MIX,D,20120126,000000,152685.0000000,153395.0000000,151200.0000000,151980.0000000,4764
SPFB.MIX,D,20120127,000000,151560.0000000,152700.0000000,150965.0000000,152330.0000000,3766
SPFB.MIX,D,20120130,000000,151500.0000000,151670.0000000,149825.0000000,151080.0000000,3751
SPFB.MIX,D,20120131,000000,151200.0000000,152545.0000000,150920.0000000,151425.0000000,2761
SPFB.MIX,D,20120201,000000,151530.0000000,155430.0000000,151100.0000000,155100.0000000,4920
SPFB.MIX,D,20120202,000000,155300.0000000,155355.0000000,153795.0000000,154495.0000000,4070
SPFB.MIX,D,20120203,000000,154410.0000000,158405.0000000,154150.0000000,158380.0000000,4890
SPFB.MIX,D,20120206,000000,158105.0000000,158375.0000000,156300.0000000,156875.0000000,3954
SPFB.MIX,D,20120207,000000,156900.0000000,157715.0000000,155140.0000000,156790.0000000,4804
SPFB.MIX,D,20120208,000000,156935.0000000,157750.0000000,155275.0000000,156000.0000000,5710
SPFB.MIX,D,20120209,000000,156000.0000000,157045.0000000,153615.0000000,154565.0000000,6192
SPFB.MIX,D,20120210,000000,154200.0000000,154225.0000000,152500.0000000,152700.0000000,4564
SPFB.MIX,D,20120213,000000,153275.0000000,156795.0000000,153000.0000000,156480.0000000,4757
SPFB.MIX,D,20120214,000000,156100.0000000,157900.0000000,155290.0000000,155470.0000000,4492
SPFB.MIX,D,20120215,000000,156915.0000000,158880.0000000,156915.0000000,157410.0000000,6021
SPFB.MIX,D,20120216,000000,156325.0000000,158365.0000000,155555.0000000,158190.0000000,3331
SPFB.MIX,D,20120217,000000,158500.0000000,159375.0000000,156330.0000000,157250.0000000,3737
SPFB.MIX,D,20120220,000000,157735.0000000,158905.0000000,157735.0000000,158040.0000000,2172
SPFB.MIX,D,20120221,000000,158150.0000000,158150.0000000,155215.0000000,155360.0000000,4638
SPFB.MIX,D,20120222,000000,156455.0000000,157345.0000000,153320.0000000,153945.0000000,3862
SPFB.MIX,D,20120224,000000,155315.0000000,160970.0000000,154725.0000000,160230.0000000,10340
SPFB.MIX,D,20120227,000000,160025.0000000,160980.0000000,158675.0000000,160090.0000000,8265
SPFB.MIX,D,20120228,000000,160485.0000000,160625.0000000,157280.0000000,158035.0000000,6107
SPFB.MIX,D,20120229,000000,158495.0000000,160950.0000000,158130.0000000,159465.0000000,9142
SPFB.MIX,D,20120301,000000,159055.0000000,160320.0000000,157840.0000000,160255.0000000,7542
SPFB.MIX,D,20120302,000000,160370.0000000,162300.0000000,158745.0000000,162100.0000000,4603
SPFB.MIX,D,20120305,000000,161600.0000000,162975.0000000,160920.0000000,161935.0000000,5008
SPFB.MIX,D,20120306,000000,161425.0000000,162375.0000000,154000.0000000,154270.0000000,7611
SPFB.MIX,D,20120307,000000,155000.0000000,157690.0000000,155000.0000000,156850.0000000,5081
SPFB.MIX,D,20120311,000000,157000.0000000,159900.0000000,157000.0000000,158000.0000000,205
SPFB.MIX,D,20120312,000000,157525.0000000,159000.0000000,156010.0000000,157205.0000000,200
SPFB.MIX,D,20120313,000000,158990.0000000,159550.0000000,157665.0000000,159550.0000000,52
SPFB.MIX,D,20120314,000000,159990.0000000,160500.0000000,156310.0000000,158045.0000000,1235
SPFB.MIX,D,20120315,000000,159335.0000000,160910.0000000,158750.0000000,159610.0000000,2292
SPFB.MIX,D,20120316,000000,159310.0000000,160000.0000000,158050.0000000,158420.0000000,1611
SPFB.MIX,D,20120319,000000,159020.0000000,159950.0000000,155200.0000000,156280.0000000,4551
SPFB.MIX,D,20120320,000000,156200.0000000,156845.0000000,152500.0000000,153600.0000000,4238
SPFB.MIX,D,20120321,000000,153785.0000000,154495.0000000,151555.0000000,152870.0000000,3674
SPFB.MIX,D,20120322,000000,152500.0000000,153485.0000000,149830.0000000,150695.0000000,5514
SPFB.MIX,D,20120323,000000,150990.0000000,152215.0000000,149150.0000000,151985.0000000,3000
SPFB.MIX,D,20120326,000000,151515.0000000,154295.0000000,151205.0000000,154010.0000000,4689
SPFB.MIX,D,20120327,000000,154635.0000000,154770.0000000,152195.0000000,152270.0000000,2848
SPFB.MIX,D,20120328,000000,152000.0000000,152775.0000000,147530.0000000,148680.0000000,5291
SPFB.MIX,D,20120329,000000,148485.0000000,149530.0000000,145830.0000000,148500.0000000,4351
SPFB.MIX,D,20120330,000000,148935.0000000,150215.0000000,147965.0000000,149120.0000000,4766
SPFB.MIX,D,20120402,000000,148610.0000000,150810.0000000,147800.0000000,150260.0000000,3497
SPFB.MIX,D,20120403,000000,150450.0000000,152610.0000000,149810.0000000,150690.0000000,3992
SPFB.MIX,D,20120404,000000,150690.0000000,151590.0000000,147455.0000000,148835.0000000,5510
SPFB.MIX,D,20120405,000000,148860.0000000,150160.0000000,146300.0000000,149800.0000000,3459
SPFB.MIX,D,20120406,000000,149750.0000000,149820.0000000,146390.0000000,147190.0000000,2713
SPFB.MIX,D,20120409,000000,146800.0000000,147990.0000000,144585.0000000,147330.0000000,3964
SPFB.MIX,D,20120410,000000,147270.0000000,148895.0000000,144745.0000000,145230.0000000,3585
SPFB.MIX,D,20120411,000000,145890.0000000,148830.0000000,145530.0000000,147200.0000000,3256
SPFB.MIX,D,20120412,000000,147990.0000000,148325.0000000,145575.0000000,147785.0000000,4107
SPFB.MIX,D,20120413,000000,147320.0000000,148990.0000000,146925.0000000,148000.0000000,3427
SPFB.MIX,D,20120416,000000,147500.0000000,147725.0000000,144300.0000000,145300.0000000,3672
SPFB.MIX,D,20120417,000000,145015.0000000,145485.0000000,143395.0000000,145460.0000000,4703
SPFB.MIX,D,20120418,000000,145100.0000000,145735.0000000,143650.0000000,144450.0000000,1885
SPFB.MIX,D,20120419,000000,144400.0000000,147500.0000000,144300.0000000,145720.0000000,4562
SPFB.MIX,D,20120420,000000,146200.0000000,147990.0000000,145590.0000000,147455.0000000,2130
SPFB.MIX,D,20120423,000000,147160.0000000,147700.0000000,142300.0000000,143930.0000000,3275
SPFB.MIX,D,20120424,000000,143970.0000000,144320.0000000,141625.0000000,142610.0000000,3053
SPFB.MIX,D,20120425,000000,143280.0000000,147130.0000000,142875.0000000,143490.0000000,2421
SPFB.MIX,D,20120426,000000,143485.0000000,143955.0000000,141260.0000000,142955.0000000,1423
SPFB.MIX,D,20120427,000000,142310.0000000,144950.0000000,141470.0000000,144395.0000000,3126
SPFB.MIX,D,20120428,000000,144575.0000000,144975.0000000,144215.0000000,144910.0000000,373
SPFB.MIX,D,20120502,000000,144985.0000000,146615.0000000,141815.0000000,142235.0000000,3443
SPFB.MIX,D,20120503,000000,142650.0000000,143225.0000000,141200.0000000,141650.0000000,1860
SPFB.MIX,D,20120504,000000,141335.0000000,141450.0000000,135650.0000000,137150.0000000,4745
SPFB.MIX,D,20120505,000000,136885.0000000,136885.0000000,135400.0000000,135935.0000000,524
SPFB.MIX,D,20120507,000000,135550.0000000,137200.0000000,132250.0000000,136955.0000000,1645
SPFB.MIX,D,20120508,000000,136255.0000000,137125.0000000,134290.0000000,135065.0000000,2273
SPFB.MIX,D,20120510,000000,135890.0000000,139305.0000000,134855.0000000,137300.0000000,3797
SPFB.MIX,D,20120511,000000,137005.0000000,138260.0000000,135890.0000000,136010.0000000,2917
SPFB.MIX,D,20120512,000000,137475.0000000,138990.0000000,136785.0000000,138000.0000000,1058
SPFB.MIX,D,20120514,000000,137560.0000000,137560.0000000,132415.0000000,132805.0000000,2449
SPFB.MIX,D,20120515,000000,133305.0000000,134990.0000000,131265.0000000,133545.0000000,4464
SPFB.MIX,D,20120516,000000,132745.0000000,134210.0000000,131645.0000000,133285.0000000,4795
SPFB.MIX,D,20120517,000000,133575.0000000,134645.0000000,126000.0000000,126195.0000000,6944
SPFB.MIX,D,20120518,000000,126195.0000000,129535.0000000,124600.0000000,126300.0000000,7842
SPFB.MIX,D,20120521,000000,126850.0000000,130435.0000000,126180.0000000,129575.0000000,4644
SPFB.MIX,D,20120522,000000,130545.0000000,130795.0000000,128520.0000000,128535.0000000,2855
SPFB.MIX,D,20120523,000000,128050.0000000,128820.0000000,124225.0000000,127450.0000000,6805
SPFB.MIX,D,20120524,000000,126870.0000000,128995.0000000,124220.0000000,128030.0000000,5826
SPFB.MIX,D,20120525,000000,128275.0000000,129845.0000000,127455.0000000,128055.0000000,2841
SPFB.MIX,D,20120528,000000,129050.0000000,130805.0000000,129040.0000000,129575.0000000,2302
SPFB.MIX,D,20120529,000000,130300.0000000,133350.0000000,130115.0000000,133265.0000000,5724
SPFB.MIX,D,20120530,000000,132005.0000000,132360.0000000,130125.0000000,131940.0000000,7218
SPFB.MIX,D,20120531,000000,131895.0000000,133130.0000000,130300.0000000,131950.0000000,8637
SPFB.MIX,D,20120601,000000,131995.0000000,132455.0000000,127845.0000000,130250.0000000,10671
SPFB.MIX,D,20120604,000000,129900.0000000,131715.0000000,128400.0000000,131500.0000000,8539
SPFB.MIX,D,20120605,000000,131755.0000000,132120.0000000,129000.0000000,129510.0000000,7747
SPFB.MIX,D,20120606,000000,130060.0000000,131860.0000000,128895.0000000,131350.0000000,6173
SPFB.MIX,D,20120607,000000,131700.0000000,134470.0000000,129820.0000000,132750.0000000,6204
SPFB.MIX,D,20120608,000000,131535.0000000,134450.0000000,131495.0000000,134450.0000000,5904
SPFB.MIX,D,20120609,000000,134555.0000000,134600.0000000,133600.0000000,133730.0000000,1080
SPFB.MIX,D,20120613,000000,135140.0000000,137245.0000000,134000.0000000,135000.0000000,158
SPFB.MIX,D,20120614,000000,135000.0000000,136300.0000000,134500.0000000,136300.0000000,540
SPFB.MIX,D,20120615,000000,136400.0000000,139100.0000000,136400.0000000,138900.0000000,2692
SPFB.MIX,D,20120618,000000,138755.0000000,140610.0000000,138585.0000000,139845.0000000,3030
SPFB.MIX,D,20120619,000000,139990.0000000,141105.0000000,139100.0000000,140500.0000000,3963
SPFB.MIX,D,20120620,000000,140370.0000000,140515.0000000,137710.0000000,138405.0000000,2235
SPFB.MIX,D,20120621,000000,138100.0000000,139670.0000000,135115.0000000,135115.0000000,5861
SPFB.MIX,D,20120622,000000,135975.0000000,136835.0000000,135105.0000000,136350.0000000,2955
SPFB.MIX,D,20120625,000000,135610.0000000,135890.0000000,133710.0000000,134770.0000000,2578
SPFB.MIX,D,20120626,000000,134765.0000000,136200.0000000,134680.0000000,136200.0000000,3696
SPFB.MIX,D,20120627,000000,136400.0000000,138100.0000000,135530.0000000,137995.0000000,2287
SPFB.MIX,D,20120628,000000,137830.0000000,137975.0000000,135100.0000000,136700.0000000,4464
SPFB.MIX,D,20120629,000000,136980.0000000,140215.0000000,136980.0000000,139800.0000000,8264
SPFB.MIX,D,20120702,000000,139900.0000000,142600.0000000,139295.0000000,142400.0000000,5127
SPFB.MIX,D,20120703,000000,142375.0000000,145400.0000000,141940.0000000,144550.0000000,3691
SPFB.MIX,D,20120704,000000,144545.0000000,145900.0000000,143840.0000000,145575.0000000,2021
SPFB.MIX,D,20120705,000000,145175.0000000,147060.0000000,144230.0000000,144790.0000000,7558
SPFB.MIX,D,20120706,000000,144500.0000000,145245.0000000,141940.0000000,143190.0000000,4136
SPFB.MIX,D,20120709,000000,142605.0000000,143430.0000000,141595.0000000,142100.0000000,3117
SPFB.MIX,D,20120710,000000,141760.0000000,144405.0000000,141130.0000000,142030.0000000,5467
SPFB.MIX,D,20120711,000000,141930.0000000,142395.0000000,140680.0000000,142300.0000000,2968
SPFB.MIX,D,20120712,000000,141210.0000000,141500.0000000,138850.0000000,141115.0000000,3056
SPFB.MIX,D,20120713,000000,141500.0000000,143095.0000000,140795.0000000,142565.0000000,4767
SPFB.MIX,D,20120716,000000,142560.0000000,143500.0000000,142205.0000000,143350.0000000,2054
SPFB.MIX,D,20120717,000000,143475.0000000,145260.0000000,143290.0000000,144920.0000000,2822
SPFB.MIX,D,20120718,000000,144500.0000000,144870.0000000,143370.0000000,143650.0000000,1461
SPFB.MIX,D,20120719,000000,143990.0000000,145520.0000000,143720.0000000,144005.0000000,3395
SPFB.MIX,D,20120720,000000,143805.0000000,143805.0000000,142015.0000000,142200.0000000,2442
SPFB.MIX,D,20120723,000000,141590.0000000,141600.0000000,137480.0000000,138750.0000000,4173
SPFB.MIX,D,20120724,000000,138930.0000000,139115.0000000,135620.0000000,136595.0000000,4109
SPFB.MIX,D,20120725,000000,136015.0000000,139135.0000000,135860.0000000,137700.0000000,5247
SPFB.MIX,D,20120726,000000,137920.0000000,139640.0000000,136495.0000000,139535.0000000,4977
SPFB.MIX,D,20120727,000000,139415.0000000,143695.0000000,139030.0000000,143590.0000000,4483
SPFB.MIX,D,20120730,000000,142905.0000000,143960.0000000,142620.0000000,143300.0000000,2547
SPFB.MIX,D,20120731,000000,143800.0000000,143990.0000000,140500.0000000,141090.0000000,3144
SPFB.MIX,D,20120801,000000,141000.0000000,142670.0000000,140100.0000000,141125.0000000,1508
SPFB.MIX,D,20120802,000000,141230.0000000,143660.0000000,139025.0000000,139700.0000000,5534
SPFB.MIX,D,20120803,000000,139990.0000000,143000.0000000,139700.0000000,143000.0000000,3656
SPFB.MIX,D,20120806,000000,143000.0000000,145515.0000000,142200.0000000,144015.0000000,3034
SPFB.MIX,D,20120807,000000,143870.0000000,146495.0000000,143855.0000000,145450.0000000,2785
SPFB.MIX,D,20120808,000000,145355.0000000,146195.0000000,144500.0000000,145755.0000000,1658
SPFB.MIX,D,20120809,000000,146020.0000000,146945.0000000,144310.0000000,146200.0000000,2861
SPFB.MIX,D,20120810,000000,145670.0000000,145815.0000000,143345.0000000,145670.0000000,2939
SPFB.MIX,D,20120813,000000,145405.0000000,147110.0000000,144900.0000000,145630.0000000,3392
SPFB.MIX,D,20120814,000000,146650.0000000,147185.0000000,145680.0000000,146000.0000000,2089
SPFB.MIX,D,20120815,000000,145750.0000000,146000.0000000,143755.0000000,145315.0000000,1734
SPFB.MIX,D,20120816,000000,146140.0000000,146360.0000000,144560.0000000,146090.0000000,2099
SPFB.MIX,D,20120817,000000,146025.0000000,146420.0000000,144690.0000000,145450.0000000,2039
SPFB.MIX,D,20120820,000000,145015.0000000,145120.0000000,142410.0000000,144300.0000000,4032
SPFB.MIX,D,20120821,000000,144160.0000000,146210.0000000,144130.0000000,144180.0000000,3246
SPFB.MIX,D,20120822,000000,143745.0000000,145900.0000000,143745.0000000,145700.0000000,1516
SPFB.MIX,D,20120823,000000,146000.0000000,147400.0000000,144400.0000000,144400.0000000,2493
SPFB.MIX,D,20120824,000000,144380.0000000,146430.0000000,144295.0000000,145890.0000000,2345
SPFB.MIX,D,20120827,000000,146395.0000000,146400.0000000,144580.0000000,145045.0000000,1886
SPFB.MIX,D,20120828,000000,144955.0000000,146195.0000000,144675.0000000,145340.0000000,2591
SPFB.MIX,D,20120829,000000,145595.0000000,146350.0000000,143950.0000000,145120.0000000,1755
SPFB.MIX,D,20120830,000000,144155.0000000,144620.0000000,142825.0000000,143930.0000000,2116
SPFB.MIX,D,20120831,000000,143995.0000000,144250.0000000,141555.0000000,142285.0000000,3791
SPFB.MIX,D,20120903,000000,141955.0000000,144735.0000000,141955.0000000,144300.0000000,3157
SPFB.MIX,D,20120904,000000,144385.0000000,144720.0000000,143685.0000000,144280.0000000,1769
SPFB.MIX,D,20120905,000000,143995.0000000,144100.0000000,142115.0000000,142600.0000000,1373
SPFB.MIX,D,20120906,000000,143205.0000000,146290.0000000,142915.0000000,145990.0000000,4009
SPFB.MIX,D,20120907,000000,146410.0000000,148780.0000000,146225.0000000,147720.0000000,5537
SPFB.MIX,D,20120910,000000,147410.0000000,151000.0000000,147410.0000000,148205.0000000,33
SPFB.MIX,D,20120911,000000,148205.0000000,148500.0000000,147210.0000000,148500.0000000,13
SPFB.MIX,D,20120912,000000,148800.0000000,149100.0000000,148120.0000000,148120.0000000,94
SPFB.MIX,D,20120913,000000,148310.0000000,151300.0000000,148110.0000000,151300.0000000,863
SPFB.MIX,D,20120914,000000,151700.0000000,155500.0000000,151000.0000000,154250.0000000,2110
SPFB.MIX,D,20120917,000000,153970.0000000,155600.0000000,153265.0000000,153850.0000000,1348
SPFB.MIX,D,20120918,000000,153720.0000000,154580.0000000,151500.0000000,152680.0000000,4196
SPFB.MIX,D,20120919,000000,153000.0000000,153970.0000000,150120.0000000,151390.0000000,3414
SPFB.MIX,D,20120920,000000,150730.0000000,151630.0000000,149300.0000000,151570.0000000,4094
SPFB.MIX,D,20120921,000000,151720.0000000,152410.0000000,150000.0000000,150160.0000000,2881
SPFB.MIX,D,20120924,000000,150140.0000000,150750.0000000,148960.0000000,150570.0000000,2393
SPFB.MIX,D,20120925,000000,150970.0000000,151290.0000000,147570.0000000,147720.0000000,1788
SPFB.MIX,D,20120926,000000,147960.0000000,148230.0000000,145410.0000000,146000.0000000,3395
SPFB.MIX,D,20120927,000000,146100.0000000,147830.0000000,144780.0000000,147630.0000000,5117
SPFB.MIX,D,20120928,000000,147280.0000000,148010.0000000,146110.0000000,147220.0000000,4290
SPFB.MIX,D,20121001,000000,146760.0000000,150500.0000000,146500.0000000,149200.0000000,3513
SPFB.MIX,D,20121002,000000,149110.0000000,150220.0000000,148740.0000000,148800.0000000,1513
SPFB.MIX,D,20121003,000000,148800.0000000,149520.0000000,147700.0000000,148080.0000000,2559
SPFB.MIX,D,20121004,000000,148500.0000000,148890.0000000,146000.0000000,147820.0000000,1855
SPFB.MIX,D,20121005,000000,148190.0000000,149960.0000000,147620.0000000,147840.0000000,3060
SPFB.MIX,D,20121008,000000,147770.0000000,148800.0000000,146930.0000000,148440.0000000,1946
SPFB.MIX,D,20121009,000000,148600.0000000,149150.0000000,147300.0000000,147310.0000000,2131
SPFB.MIX,D,20121010,000000,147310.0000000,147950.0000000,145590.0000000,146020.0000000,3300
SPFB.MIX,D,20121011,000000,146300.0000000,147850.0000000,146260.0000000,147080.0000000,2425
SPFB.MIX,D,20121012,000000,147020.0000000,147120.0000000,144600.0000000,145700.0000000,3896
SPFB.MIX,D,20121015,000000,145750.0000000,146600.0000000,145000.0000000,145900.0000000,3275
SPFB.MIX,D,20121016,000000,145920.0000000,147040.0000000,144830.0000000,146500.0000000,3652
SPFB.MIX,D,20121017,000000,146550.0000000,148720.0000000,146190.0000000,148290.0000000,4193
SPFB.MIX,D,20121018,000000,148300.0000000,149600.0000000,147500.0000000,148000.0000000,3923
SPFB.MIX,D,20121019,000000,147840.0000000,148210.0000000,145670.0000000,145980.0000000,2803
SPFB.MIX,D,20121022,000000,146000.0000000,148440.0000000,145940.0000000,148030.0000000,4807
SPFB.MIX,D,20121023,000000,148210.0000000,148210.0000000,145720.0000000,146400.0000000,5542
SPFB.MIX,D,20121024,000000,146740.0000000,147070.0000000,144380.0000000,145410.0000000,5428
SPFB.MIX,D,20121025,000000,145900.0000000,146640.0000000,144600.0000000,145440.0000000,2075
SPFB.MIX,D,20121026,000000,145050.0000000,145050.0000000,143070.0000000,144300.0000000,3554
SPFB.MIX,D,20121029,000000,143600.0000000,144180.0000000,142740.0000000,143190.0000000,1805
SPFB.MIX,D,20121030,000000,143100.0000000,144550.0000000,142440.0000000,142840.0000000,2310
SPFB.MIX,D,20121031,000000,142990.0000000,144200.0000000,142280.0000000,142860.0000000,2425
SPFB.MIX,D,20121101,000000,142700.0000000,143930.0000000,141190.0000000,143930.0000000,5055
SPFB.MIX,D,20121102,000000,144000.0000000,144900.0000000,142800.0000000,143400.0000000,2852
SPFB.MIX,D,20121106,000000,143960.0000000,145600.0000000,143210.0000000,145470.0000000,2353
SPFB.MIX,D,20121107,000000,145270.0000000,145760.0000000,141000.0000000,141740.0000000,4250
SPFB.MIX,D,20121108,000000,141340.0000000,142500.0000000,139850.0000000,140150.0000000,3590
SPFB.MIX,D,20121109,000000,140580.0000000,141730.0000000,139560.0000000,141360.0000000,2985
SPFB.MIX,D,20121112,000000,141480.0000000,141590.0000000,139650.0000000,141230.0000000,1537
SPFB.MIX,D,20121113,000000,140400.0000000,140450.0000000,137540.0000000,138780.0000000,4342
SPFB.MIX,D,20121114,000000,138590.0000000,138700.0000000,136640.0000000,137360.0000000,2763
SPFB.MIX,D,20121115,000000,137000.0000000,139460.0000000,137000.0000000,138870.0000000,2921
SPFB.MIX,D,20121116,000000,138350.0000000,139670.0000000,138000.0000000,139460.0000000,3443
SPFB.MIX,D,20121119,000000,139760.0000000,140630.0000000,139720.0000000,140200.0000000,2399
SPFB.MIX,D,20121120,000000,140480.0000000,140490.0000000,139380.0000000,139830.0000000,2539
SPFB.MIX,D,20121121,000000,139640.0000000,141280.0000000,139380.0000000,141000.0000000,2262
SPFB.MIX,D,20121122,000000,141180.0000000,141900.0000000,140650.0000000,141900.0000000,1334
SPFB.MIX,D,20121123,000000,141600.0000000,142680.0000000,140590.0000000,142320.0000000,1949
SPFB.MIX,D,20121126,000000,142000.0000000,142150.0000000,140200.0000000,141460.0000000,1723
SPFB.MIX,D,20121127,000000,141630.0000000,141840.0000000,139310.0000000,139720.0000000,1251
SPFB.MIX,D,20121128,000000,139500.0000000,139550.0000000,137590.0000000,139060.0000000,1691
SPFB.MIX,D,20121129,000000,139770.0000000,139920.0000000,138190.0000000,139200.0000000,3338
SPFB.MIX,D,20121130,000000,139120.0000000,141480.0000000,138630.0000000,140770.0000000,2602
SPFB.MIX,D,20121203,000000,141030.0000000,142490.0000000,140540.0000000,141550.0000000,3035
SPFB.MIX,D,20121204,000000,141500.0000000,142500.0000000,140920.0000000,141790.0000000,3068
SPFB.MIX,D,20121205,000000,142100.0000000,144650.0000000,141870.0000000,144620.0000000,2882
SPFB.MIX,D,20121206,000000,144130.0000000,145200.0000000,143710.0000000,144270.0000000,2534
SPFB.MIX,D,20121207,000000,144540.0000000,144630.0000000,142990.0000000,144500.0000000,2215
SPFB.MIX,D,20121210,000000,146950.0000000,147160.0000000,146410.0000000,146490.0000000,35
SPFB.MIX,D,20121211,000000,146490.0000000,147400.0000000,146380.0000000,147400.0000000,71
SPFB.MIX,D,20121212,000000,147650.0000000,149740.0000000,147470.0000000,149270.0000000,213
SPFB.MIX,D,20121213,000000,149270.0000000,149270.0000000,147480.0000000,147600.0000000,569
SPFB.MIX,D,20121214,000000,148040.0000000,149260.0000000,148040.0000000,148700.0000000,457
SPFB.MIX,D,20121217,000000,148930.0000000,149800.0000000,147940.0000000,149550.0000000,4360
SPFB.MIX,D,20121218,000000,150000.0000000,151000.0000000,149400.0000000,150530.0000000,6403
SPFB.MIX,D,20121219,000000,150750.0000000,150860.0000000,149810.0000000,149900.0000000,2519
SPFB.MIX,D,20121220,000000,149900.0000000,151780.0000000,148200.0000000,151700.0000000,5321
SPFB.MIX,D,20121221,000000,150190.0000000,151010.0000000,149250.0000000,150550.0000000,3298
SPFB.MIX,D,20121224,000000,151300.0000000,151300.0000000,149200.0000000,149290.0000000,1592
SPFB.MIX,D,20121225,000000,149450.0000000,149660.0000000,148810.0000000,149390.0000000,1102
SPFB.MIX,D,20121226,000000,149550.0000000,150100.0000000,149180.0000000,149580.0000000,1374
SPFB.MIX,D,20121227,000000,149710.0000000,150490.0000000,148760.0000000,149010.0000000,2386
SPFB.MIX,D,20121228,000000,149420.0000000,150260.0000000,149300.0000000,150160.0000000,6532
SPFB.MIX,D,20130108,000000,153760.0000000,153760.0000000,152350.0000000,153020.0000000,3685
SPFB.MIX,D,20130109,000000,152050.0000000,153660.0000000,152000.0000000,153160.0000000,1827
SPFB.MIX,D,20130110,000000,153370.0000000,153650.0000000,151660.0000000,152350.0000000,1423
SPFB.MIX,D,20130111,000000,152360.0000000,152970.0000000,152190.0000000,152570.0000000,1282
SPFB.MIX,D,20130114,000000,152900.0000000,154540.0000000,152900.0000000,154040.0000000,1751
SPFB.MIX,D,20130115,000000,153990.0000000,154150.0000000,152960.0000000,153440.0000000,1870
SPFB.MIX,D,20130116,000000,153130.0000000,153310.0000000,152140.0000000,153310.0000000,1502
SPFB.MIX,D,20130117,000000,153230.0000000,154140.0000000,152870.0000000,154030.0000000,1734
SPFB.MIX,D,20130118,000000,154030.0000000,155830.0000000,154000.0000000,155300.0000000,2241
SPFB.MIX,D,20130121,000000,155550.0000000,155870.0000000,154740.0000000,155280.0000000,1188
SPFB.MIX,D,20130122,000000,155280.0000000,155280.0000000,153160.0000000,154200.0000000,2226
SPFB.MIX,D,20130123,000000,154090.0000000,155050.0000000,153720.0000000,154300.0000000,2539
SPFB.MIX,D,20130124,000000,154160.0000000,155080.0000000,152990.0000000,154330.0000000,2948
SPFB.MIX,D,20130125,000000,154110.0000000,155760.0000000,153710.0000000,155740.0000000,2956
SPFB.MIX,D,20130128,000000,155950.0000000,157800.0000000,155450.0000000,157350.0000000,3414
SPFB.MIX,D,20130129,000000,157320.0000000,157920.0000000,156020.0000000,156570.0000000,2241
SPFB.MIX,D,20130130,000000,156790.0000000,157140.0000000,154720.0000000,154890.0000000,2914
SPFB.MIX,D,20130131,000000,154990.0000000,156270.0000000,154560.0000000,156270.0000000,3543
SPFB.MIX,D,20130201,000000,156210.0000000,156670.0000000,155420.0000000,156200.0000000,2953
SPFB.MIX,D,20130204,000000,156060.0000000,156350.0000000,153900.0000000,154020.0000000,3303
SPFB.MIX,D,20130205,000000,153830.0000000,155270.0000000,153800.0000000,155000.0000000,3035
SPFB.MIX,D,20130206,000000,155100.0000000,156280.0000000,153180.0000000,153440.0000000,4595
SPFB.MIX,D,20130207,000000,153560.0000000,153990.0000000,152280.0000000,152850.0000000,5001
SPFB.MIX,D,20130208,000000,153280.0000000,153310.0000000,151790.0000000,152930.0000000,4361
SPFB.MIX,D,20130211,000000,152840.0000000,153520.0000000,151890.0000000,152250.0000000,2583
SPFB.MIX,D,20130212,000000,152060.0000000,152540.0000000,151400.0000000,152090.0000000,2991
SPFB.MIX,D,20130213,000000,152240.0000000,154850.0000000,151900.0000000,153850.0000000,4997
SPFB.MIX,D,20130214,000000,154230.0000000,155590.0000000,151960.0000000,152640.0000000,5790
SPFB.MIX,D,20130215,000000,152280.0000000,152480.0000000,150440.0000000,150560.0000000,3527
SPFB.MIX,D,20130218,000000,151030.0000000,151910.0000000,150320.0000000,151810.0000000,2436
SPFB.MIX,D,20130219,000000,151800.0000000,153000.0000000,151510.0000000,152610.0000000,1584
SPFB.MIX,D,20130220,000000,152890.0000000,152960.0000000,150830.0000000,150880.0000000,2591
SPFB.MIX,D,20130221,000000,150650.0000000,150650.0000000,149050.0000000,149850.0000000,4098
SPFB.MIX,D,20130222,000000,150170.0000000,150660.0000000,149890.0000000,150170.0000000,2043
SPFB.MIX,D,20130225,000000,150470.0000000,151250.0000000,149760.0000000,150190.0000000,3028
SPFB.MIX,D,20130226,000000,149710.0000000,149710.0000000,148560.0000000,149570.0000000,4473
SPFB.MIX,D,20130227,000000,149350.0000000,149720.0000000,148300.0000000,149620.0000000,5790
SPFB.MIX,D,20130228,000000,149660.0000000,149790.0000000,148580.0000000,149010.0000000,3938
SPFB.MIX,D,20130301,000000,148860.0000000,149300.0000000,146890.0000000,148120.0000000,5116
SPFB.MIX,D,20130304,000000,147980.0000000,147980.0000000,146170.0000000,147210.0000000,4642
SPFB.MIX,D,20130305,000000,147410.0000000,149070.0000000,147100.0000000,149070.0000000,6675
SPFB.MIX,D,20130306,000000,148950.0000000,150040.0000000,148740.0000000,149870.0000000,7439
SPFB.MIX,D,20130307,000000,149520.0000000,149990.0000000,149060.0000000,149580.0000000,3063
SPFB.MIX,D,20130311,000000,149980.0000000,150220.0000000,149300.0000000,149300.0000000,361
SPFB.MIX,D,20130312,000000,149300.0000000,149300.0000000,148210.0000000,148600.0000000,682
SPFB.MIX,D,20130313,000000,148310.0000000,149800.0000000,148100.0000000,148260.0000000,805
SPFB.MIX,D,20130314,000000,148510.0000000,149010.0000000,147860.0000000,149000.0000000,2950
SPFB.MIX,D,20130315,000000,149100.0000000,150130.0000000,147380.0000000,147710.0000000,7454
SPFB.MIX,D,20130318,000000,147100.0000000,147100.0000000,142520.0000000,143620.0000000,10928
SPFB.MIX,D,20130319,000000,144050.0000000,144380.0000000,140970.0000000,141700.0000000,8022
SPFB.MIX,D,20130320,000000,142040.0000000,144090.0000000,141520.0000000,143730.0000000,5144
SPFB.MIX,D,20130321,000000,143730.0000000,144100.0000000,142830.0000000,143270.0000000,5911
SPFB.MIX,D,20130322,000000,143150.0000000,143150.0000000,141410.0000000,141590.0000000,4123
SPFB.MIX,D,20130325,000000,141940.0000000,143380.0000000,139660.0000000,140060.0000000,6506
SPFB.MIX,D,20130326,000000,140590.0000000,140850.0000000,138930.0000000,139980.0000000,9709
SPFB.MIX,D,20130327,000000,140110.0000000,140370.0000000,138300.0000000,140180.0000000,9839
SPFB.MIX,D,20130328,000000,139600.0000000,141550.0000000,139000.0000000,141500.0000000,8099
SPFB.MIX,D,20130329,000000,141470.0000000,142160.0000000,140690.0000000,141320.0000000,1726
SPFB.MIX,D,20130401,000000,140840.0000000,141980.0000000,139700.0000000,139870.0000000,4918
SPFB.MIX,D,20130402,000000,139990.0000000,140940.0000000,139860.0000000,139960.0000000,5640
SPFB.MIX,D,20130403,000000,140430.0000000,140960.0000000,138520.0000000,138900.0000000,4910
SPFB.MIX,D,20130404,000000,139140.0000000,141480.0000000,139000.0000000,140560.0000000,10163
SPFB.MIX,D,20130405,000000,140330.0000000,140550.0000000,138380.0000000,140140.0000000,7562
SPFB.MIX,D,20130408,000000,139960.0000000,140750.0000000,138170.0000000,139190.0000000,8597
SPFB.MIX,D,20130409,000000,139590.0000000,140440.0000000,138930.0000000,140380.0000000,7693
SPFB.MIX,D,20130410,000000,140580.0000000,140910.0000000,139700.0000000,140250.0000000,10873
SPFB.MIX,D,20130411,000000,140360.0000000,140410.0000000,137210.0000000,137720.0000000,10382
SPFB.MIX,D,20130412,000000,137490.0000000,138100.0000000,136150.0000000,137380.0000000,8240
SPFB.MIX,D,20130415,000000,136690.0000000,136690.0000000,132610.0000000,132820.0000000,10604
SPFB.MIX,D,20130416,000000,133250.0000000,134960.0000000,132990.0000000,133440.0000000,13078
SPFB.MIX,D,20130417,000000,133540.0000000,133760.0000000,130800.0000000,132210.0000000,9828
SPFB.MIX,D,20130418,000000,132060.0000000,133180.0000000,130830.0000000,131700.0000000,9899
SPFB.MIX,D,20130419,000000,132050.0000000,132510.0000000,130920.0000000,132500.0000000,6919
SPFB.MIX,D,20130422,000000,132610.0000000,133610.0000000,130050.0000000,130650.0000000,11427
SPFB.MIX,D,20130423,000000,130360.0000000,132120.0000000,129620.0000000,131720.0000000,5728
SPFB.MIX,D,20130424,000000,131830.0000000,136010.0000000,131830.0000000,135880.0000000,8880
SPFB.MIX,D,20130425,000000,135690.0000000,136260.0000000,133950.0000000,133950.0000000,6966
SPFB.MIX,D,20130426,000000,134130.0000000,135110.0000000,133140.0000000,134980.0000000,4450
SPFB.MIX,D,20130429,000000,134880.0000000,135760.0000000,133500.0000000,133900.0000000,5179
SPFB.MIX,D,20130430,000000,133870.0000000,137500.0000000,133510.0000000,137040.0000000,5476
SPFB.MIX,D,20130502,000000,136000.0000000,137610.0000000,135250.0000000,137350.0000000,2034
SPFB.MIX,D,20130503,000000,137700.0000000,140230.0000000,137080.0000000,139980.0000000,3690
SPFB.MIX,D,20130506,000000,139830.0000000,140450.0000000,139240.0000000,139820.0000000,2807
SPFB.MIX,D,20130507,000000,139650.0000000,142260.0000000,139540.0000000,142040.0000000,3541
SPFB.MIX,D,20130508,000000,142160.0000000,143090.0000000,140950.0000000,143000.0000000,2250
SPFB.MIX,D,20130510,000000,142500.0000000,143690.0000000,140140.0000000,141570.0000000,3785
SPFB.MIX,D,20130513,000000,140970.0000000,141120.0000000,139460.0000000,140120.0000000,4464
SPFB.MIX,D,20130514,000000,140240.0000000,142700.0000000,140040.0000000,140550.0000000,5421
SPFB.MIX,D,20130515,000000,140660.0000000,141490.0000000,138990.0000000,139890.0000000,5439
SPFB.MIX,D,20130516,000000,139820.0000000,140040.0000000,137510.0000000,137680.0000000,5898
SPFB.MIX,D,20130517,000000,137970.0000000,141250.0000000,137710.0000000,140910.0000000,5659
SPFB.MIX,D,20130520,000000,140920.0000000,142050.0000000,140450.0000000,141300.0000000,4384
SPFB.MIX,D,20130521,000000,141130.0000000,143510.0000000,140540.0000000,142850.0000000,6946
SPFB.MIX,D,20130522,000000,143380.0000000,146250.0000000,143020.0000000,144350.0000000,6093
SPFB.MIX,D,20130523,000000,143850.0000000,143850.0000000,139730.0000000,140550.0000000,9844
SPFB.MIX,D,20130524,000000,140750.0000000,140940.0000000,138000.0000000,139000.0000000,8749
SPFB.MIX,D,20130527,000000,139340.0000000,139500.0000000,137650.0000000,138300.0000000,2299
SPFB.MIX,D,20130528,000000,138840.0000000,141140.0000000,138500.0000000,139120.0000000,5020
SPFB.MIX,D,20130529,000000,139120.0000000,139350.0000000,136000.0000000,136900.0000000,9489
SPFB.MIX,D,20130530,000000,136300.0000000,137790.0000000,135760.0000000,137160.0000000,6224
SPFB.MIX,D,20130531,000000,137360.0000000,137650.0000000,132630.0000000,132800.0000000,8169
SPFB.MIX,D,20130603,000000,132840.0000000,135210.0000000,130850.0000000,134200.0000000,7321
SPFB.MIX,D,20130604,000000,134350.0000000,135480.0000000,132740.0000000,133650.0000000,4685
SPFB.MIX,D,20130605,000000,132770.0000000,134370.0000000,131170.0000000,131600.0000000,9275
SPFB.MIX,D,20130606,000000,131640.0000000,133090.0000000,130210.0000000,132930.0000000,7560
SPFB.MIX,D,20130607,000000,133190.0000000,134700.0000000,131770.0000000,133180.0000000,10624
SPFB.MIX,D,20130610,000000,136800.0000000,136800.0000000,134210.0000000,134870.0000000,39
SPFB.MIX,D,20130611,000000,134090.0000000,134840.0000000,130750.0000000,131160.0000000,185
SPFB.MIX,D,20130613,000000,129000.0000000,130200.0000000,127830.0000000,130200.0000000,681
SPFB.MIX,D,20130614,000000,130080.0000000,130960.0000000,128690.0000000,129930.0000000,2850
SPFB.MIX,D,20130617,000000,130500.0000000,133650.0000000,130500.0000000,132750.0000000,5581
SPFB.MIX,D,20130618,000000,133070.0000000,135340.0000000,132840.0000000,134620.0000000,6529
SPFB.MIX,D,20130619,000000,134720.0000000,134960.0000000,131260.0000000,131470.0000000,5966
SPFB.MIX,D,20130620,000000,131210.0000000,131760.0000000,128960.0000000,129210.0000000,11856
SPFB.MIX,D,20130621,000000,129740.0000000,133190.0000000,129400.0000000,132000.0000000,7504
SPFB.MIX,D,20130624,000000,131810.0000000,131810.0000000,129020.0000000,130710.0000000,9415
SPFB.MIX,D,20130625,000000,130450.0000000,132200.0000000,129770.0000000,132070.0000000,6850
SPFB.MIX,D,20130626,000000,131700.0000000,133990.0000000,131040.0000000,132910.0000000,9959
SPFB.MIX,D,20130627,000000,133220.0000000,133720.0000000,131530.0000000,132410.0000000,5939
SPFB.MIX,D,20130628,000000,132750.0000000,134200.0000000,132070.0000000,132960.0000000,8571
SPFB.MIX,D,20130701,000000,132800.0000000,134800.0000000,132620.0000000,134130.0000000,4929
SPFB.MIX,D,20130702,000000,134390.0000000,134640.0000000,132500.0000000,133060.0000000,4712
SPFB.MIX,D,20130703,000000,133060.0000000,134800.0000000,132700.0000000,134530.0000000,7532
SPFB.MIX,D,20130704,000000,134420.0000000,135780.0000000,133530.0000000,135670.0000000,4787
SPFB.MIX,D,20130705,000000,135710.0000000,136890.0000000,134550.0000000,135140.0000000,6047
SPFB.MIX,D,20130708,000000,135300.0000000,135870.0000000,134350.0000000,135340.0000000,3353
SPFB.MIX,D,20130709,000000,135760.0000000,136060.0000000,134600.0000000,135220.0000000,4882
SPFB.MIX,D,20130710,000000,135090.0000000,135500.0000000,133070.0000000,133470.0000000,5910
SPFB.MIX,D,20130711,000000,134450.0000000,138430.0000000,134450.0000000,138350.0000000,13228
SPFB.MIX,D,20130712,000000,137950.0000000,140630.0000000,137940.0000000,140190.0000000,10398
SPFB.MIX,D,20130715,000000,140500.0000000,141750.0000000,140210.0000000,141250.0000000,3286
SPFB.MIX,D,20130716,000000,141090.0000000,142670.0000000,141090.0000000,142320.0000000,3284
SPFB.MIX,D,20130717,000000,142080.0000000,145670.0000000,141850.0000000,145020.0000000,6855
SPFB.MIX,D,20130718,000000,144820.0000000,145120.0000000,140800.0000000,142490.0000000,8896
SPFB.MIX,D,20130719,000000,142100.0000000,144840.0000000,141590.0000000,142800.0000000,6803
SPFB.MIX,D,20130722,000000,143390.0000000,143950.0000000,141700.0000000,142630.0000000,7796
SPFB.MIX,D,20130723,000000,143390.0000000,144290.0000000,142020.0000000,142130.0000000,5517
SPFB.MIX,D,20130724,000000,142230.0000000,142650.0000000,141140.0000000,141340.0000000,5410
SPFB.MIX,D,20130725,000000,141310.0000000,142010.0000000,140400.0000000,142010.0000000,4343
SPFB.MIX,D,20130726,000000,141970.0000000,142010.0000000,140240.0000000,141770.0000000,4787
SPFB.MIX,D,20130729,000000,141380.0000000,141970.0000000,140610.0000000,141050.0000000,4340
SPFB.MIX,D,20130730,000000,141270.0000000,141970.0000000,139230.0000000,139720.0000000,3677
SPFB.MIX,D,20130731,000000,139900.0000000,140300.0000000,138150.0000000,139210.0000000,8585
SPFB.MIX,D,20130801,000000,139590.0000000,141850.0000000,139540.0000000,141730.0000000,5674
SPFB.MIX,D,20130802,000000,141850.0000000,142150.0000000,139120.0000000,140330.0000000,6985
SPFB.MIX,D,20130805,000000,140200.0000000,140970.0000000,139500.0000000,139660.0000000,5503
SPFB.MIX,D,20130806,000000,139900.0000000,139900.0000000,136830.0000000,137200.0000000,8070
SPFB.MIX,D,20130807,000000,136770.0000000,138420.0000000,136210.0000000,137510.0000000,8290
SPFB.MIX,D,20130808,000000,137570.0000000,138070.0000000,136050.0000000,137320.0000000,5575
SPFB.MIX,D,20130809,000000,137440.0000000,139100.0000000,136590.0000000,138910.0000000,8395
SPFB.MIX,D,20130812,000000,139000.0000000,139480.0000000,138160.0000000,139400.0000000,3621
SPFB.MIX,D,20130813,000000,139490.0000000,141720.0000000,139480.0000000,141520.0000000,7657
SPFB.MIX,D,20130814,000000,141300.0000000,143200.0000000,141120.0000000,142660.0000000,9369
SPFB.MIX,D,20130815,000000,142410.0000000,142630.0000000,139110.0000000,139930.0000000,10313
SPFB.MIX,D,20130816,000000,139530.0000000,140300.0000000,137700.0000000,138240.0000000,8766
SPFB.MIX,D,20130819,000000,138350.0000000,139000.0000000,137400.0000000,137870.0000000,7039
SPFB.MIX,D,20130820,000000,137670.0000000,138650.0000000,137100.0000000,138400.0000000,5285
SPFB.MIX,D,20130821,000000,138170.0000000,139550.0000000,137230.0000000,137980.0000000,4993
SPFB.MIX,D,20130822,000000,137500.0000000,140450.0000000,137090.0000000,140200.0000000,8066
SPFB.MIX,D,20130823,000000,140370.0000000,140700.0000000,139700.0000000,140420.0000000,5115
SPFB.MIX,D,20130826,000000,140370.0000000,140910.0000000,138320.0000000,138820.0000000,5401
SPFB.MIX,D,20130827,000000,138310.0000000,138760.0000000,137050.0000000,137050.0000000,7311
SPFB.MIX,D,20130828,000000,137680.0000000,138000.0000000,135900.0000000,137010.0000000,11060
SPFB.MIX,D,20130829,000000,137450.0000000,138490.0000000,136730.0000000,136980.0000000,6481
SPFB.MIX,D,20130830,000000,137150.0000000,137560.0000000,136010.0000000,136200.0000000,4853
SPFB.MIX,D,20130902,000000,137070.0000000,137550.0000000,136870.0000000,137510.0000000,4584
SPFB.MIX,D,20130903,000000,137990.0000000,138780.0000000,136880.0000000,137240.0000000,9918
SPFB.MIX,D,20130904,000000,137490.0000000,138230.0000000,136690.0000000,138060.0000000,5429
SPFB.MIX,D,20130905,000000,138160.0000000,142980.0000000,137860.0000000,142650.0000000,12658
SPFB.MIX,D,20130906,000000,142580.0000000,145440.0000000,142130.0000000,143310.0000000,25217
SPFB.MIX,D,20130909,000000,143460.0000000,146520.0000000,143340.0000000,146110.0000000,18036
SPFB.MIX,D,20130910,000000,147610.0000000,148290.0000000,146680.0000000,147220.0000000,516
SPFB.MIX,D,20130911,000000,147400.0000000,148500.0000000,146890.0000000,147770.0000000,770
SPFB.MIX,D,20130912,000000,147500.0000000,148190.0000000,146310.0000000,147270.0000000,991
SPFB.MIX,D,20130913,000000,147210.0000000,147310.0000000,145640.0000000,146700.0000000,1214
SPFB.MIX,D,20130916,000000,147200.0000000,149500.0000000,146260.0000000,148800.0000000,6508
SPFB.MIX,D,20130917,000000,148780.0000000,149540.0000000,148600.0000000,148970.0000000,2619
SPFB.MIX,D,20130918,000000,149160.0000000,152660.0000000,148040.0000000,152550.0000000,5632
SPFB.MIX,D,20130919,000000,152040.0000000,152920.0000000,150030.0000000,150900.0000000,5697
SPFB.MIX,D,20130920,000000,150610.0000000,151460.0000000,149270.0000000,149430.0000000,4183
SPFB.MIX,D,20130923,000000,149660.0000000,150240.0000000,147700.0000000,148900.0000000,4635
SPFB.MIX,D,20130924,000000,148530.0000000,149440.0000000,148000.0000000,148530.0000000,3289
SPFB.MIX,D,20130925,000000,148510.0000000,151020.0000000,148080.0000000,150530.0000000,5060
SPFB.MIX,D,20130926,000000,150990.0000000,151400.0000000,149660.0000000,150560.0000000,6139
SPFB.MIX,D,20130927,000000,150860.0000000,150930.0000000,148820.0000000,149260.0000000,6463
SPFB.MIX,D,20130930,000000,149000.0000000,149240.0000000,147260.0000000,147500.0000000,4980
SPFB.MIX,D,20131001,000000,147670.0000000,150100.0000000,147670.0000000,149950.0000000,4256
SPFB.MIX,D,20131002,000000,149590.0000000,149700.0000000,146790.0000000,148140.0000000,5549
SPFB.MIX,D,20131003,000000,147830.0000000,148600.0000000,146860.0000000,147770.0000000,5532
SPFB.MIX,D,20131004,000000,147500.0000000,149680.0000000,146540.0000000,149550.0000000,3776
SPFB.MIX,D,20131007,000000,149360.0000000,149950.0000000,148010.0000000,149440.0000000,3839
SPFB.MIX,D,20131008,000000,149600.0000000,152420.0000000,149600.0000000,151740.0000000,6847
SPFB.MIX,D,20131009,000000,151670.0000000,153100.0000000,151310.0000000,152070.0000000,4509
SPFB.MIX,D,20131010,000000,152580.0000000,154340.0000000,152380.0000000,154270.0000000,4449
SPFB.MIX,D,20131011,000000,154330.0000000,154330.0000000,152480.0000000,153800.0000000,3883
SPFB.MIX,D,20131014,000000,152520.0000000,154600.0000000,151830.0000000,154450.0000000,3654
SPFB.MIX,D,20131015,000000,154020.0000000,155110.0000000,153430.0000000,153780.0000000,4533
SPFB.MIX,D,20131016,000000,153960.0000000,155560.0000000,153960.0000000,154810.0000000,3281
SPFB.MIX,D,20131017,000000,155140.0000000,155150.0000000,152190.0000000,153400.0000000,4946
SPFB.MIX,D,20131018,000000,153930.0000000,155400.0000000,152860.0000000,155070.0000000,4279
SPFB.MIX,D,20131021,000000,155200.0000000,155470.0000000,154160.0000000,154830.0000000,2568
SPFB.MIX,D,20131022,000000,154810.0000000,155150.0000000,153260.0000000,154040.0000000,3116
SPFB.MIX,D,20131023,000000,153520.0000000,153940.0000000,151200.0000000,151440.0000000,4502
SPFB.MIX,D,20131024,000000,151780.0000000,152240.0000000,150750.0000000,151090.0000000,3985
SPFB.MIX,D,20131025,000000,150750.0000000,151740.0000000,150190.0000000,151640.0000000,3398
SPFB.MIX,D,20131028,000000,151940.0000000,153110.0000000,151400.0000000,152060.0000000,3490
SPFB.MIX,D,20131029,000000,151990.0000000,153190.0000000,151510.0000000,152500.0000000,4231
SPFB.MIX,D,20131030,000000,152880.0000000,153700.0000000,150250.0000000,151540.0000000,4180
SPFB.MIX,D,20131031,000000,151000.0000000,152070.0000000,150730.0000000,151710.0000000,2846
SPFB.MIX,D,20131101,000000,151790.0000000,152710.0000000,151730.0000000,152550.0000000,2075
SPFB.MIX,D,20131105,000000,152860.0000000,153100.0000000,151110.0000000,151150.0000000,2213
SPFB.MIX,D,20131106,000000,151800.0000000,151800.0000000,150650.0000000,150900.0000000,2979
SPFB.MIX,D,20131107,000000,150860.0000000,152490.0000000,149880.0000000,150240.0000000,4211
SPFB.MIX,D,20131108,000000,150090.0000000,150480.0000000,149250.0000000,150040.0000000,3260
SPFB.MIX,D,20131111,000000,150500.0000000,150550.0000000,148810.0000000,149350.0000000,1966
SPFB.MIX,D,20131112,000000,149510.0000000,150830.0000000,148900.0000000,149710.0000000,2595
SPFB.MIX,D,20131113,000000,149900.0000000,149900.0000000,146850.0000000,147910.0000000,4672
SPFB.MIX,D,20131114,000000,148140.0000000,150410.0000000,148140.0000000,150200.0000000,3669
SPFB.MIX,D,20131115,000000,150370.0000000,151100.0000000,149460.0000000,150400.0000000,4333
SPFB.MIX,D,20131118,000000,150510.0000000,152570.0000000,150210.0000000,152510.0000000,3188
SPFB.MIX,D,20131119,000000,151970.0000000,152450.0000000,150580.0000000,150980.0000000,3633
SPFB.MIX,D,20131120,000000,151040.0000000,151890.0000000,150160.0000000,150880.0000000,3378
SPFB.MIX,D,20131121,000000,150600.0000000,151400.0000000,149630.0000000,151380.0000000,3200
SPFB.MIX,D,20131122,000000,151200.0000000,151490.0000000,149800.0000000,151430.0000000,3967
SPFB.MIX,D,20131125,000000,151540.0000000,152040.0000000,150270.0000000,150500.0000000,3050
SPFB.MIX,D,20131126,000000,150700.0000000,150880.0000000,148540.0000000,149790.0000000,4416
SPFB.MIX,D,20131127,000000,149580.0000000,149590.0000000,147880.0000000,149140.0000000,4554
SPFB.MIX,D,20131128,000000,149050.0000000,149410.0000000,148180.0000000,148560.0000000,2241
SPFB.MIX,D,20131129,000000,148410.0000000,149000.0000000,147200.0000000,148390.0000000,3851
SPFB.MIX,D,20131202,000000,148280.0000000,149390.0000000,146770.0000000,146870.0000000,3250
SPFB.MIX,D,20131203,000000,147000.0000000,147400.0000000,144370.0000000,145280.0000000,5374
SPFB.MIX,D,20131204,000000,145440.0000000,146000.0000000,143770.0000000,144910.0000000,4982
SPFB.MIX,D,20131205,000000,144650.0000000,145090.0000000,142460.0000000,142590.0000000,5166
SPFB.MIX,D,20131206,000000,142800.0000000,145260.0000000,142490.0000000,144860.0000000,4920
SPFB.MIX,D,20131209,000000,145000.0000000,147110.0000000,144480.0000000,146780.0000000,3824
SPFB.MIX,D,20131210,000000,146730.0000000,150070.0000000,146330.0000000,148240.0000000,1178
SPFB.MIX,D,20131211,000000,147150.0000000,149780.0000000,145920.0000000,146670.0000000,141
SPFB.MIX,D,20131212,000000,143490.0000000,147800.0000000,143490.0000000,147200.0000000,204
SPFB.MIX,D,20131213,000000,147410.0000000,147820.0000000,147030.0000000,147490.0000000,3527
SPFB.MIX,D,20131216,000000,147450.0000000,149840.0000000,146600.0000000,149450.0000000,4472
SPFB.MIX,D,20131217,000000,149510.0000000,150830.0000000,149390.0000000,150480.0000000,3391
SPFB.MIX,D,20131218,000000,150520.0000000,152900.0000000,149040.0000000,152900.0000000,3604
SPFB.MIX,D,20131219,000000,152940.0000000,153790.0000000,152170.0000000,152600.0000000,4483
SPFB.MIX,D,20131220,000000,152750.0000000,153070.0000000,151650.0000000,152770.0000000,2441
SPFB.MIX,D,20131223,000000,153000.0000000,153710.0000000,152330.0000000,153260.0000000,3777
SPFB.MIX,D,20131224,000000,153250.0000000,153790.0000000,152650.0000000,153330.0000000,2069
SPFB.MIX,D,20131225,000000,153350.0000000,153770.0000000,152480.0000000,152720.0000000,1486
SPFB.MIX,D,20131226,000000,152610.0000000,153350.0000000,152210.0000000,152500.0000000,1647
SPFB.MIX,D,20131227,000000,152500.0000000,152950.0000000,151430.0000000,151820.0000000,2625
SPFB.MIX,D,20131230,000000,151310.0000000,152850.0000000,151310.0000000,152600.0000000,1610
