<TICKER>,<PER>,<DATE>,<TIME>,<OPEN>,<HIGH>,<LOW>,<CLOSE>,<VOL>
US1.GE,D,20150102,000000,25.3400000,25.4550000,24.8750000,25.0600000,3736318
US1.GE,D,20150105,000000,24.9900000,25.0100000,24.5250000,24.6000000,2875631
US1.GE,D,20150106,000000,24.4500000,24.5600000,23.9500000,24.0500000,5121965
US1.GE,D,20150107,000000,24.2200000,24.3900000,23.9850000,24.0700000,3905465
US1.GE,D,20150108,000000,24.3400000,24.3800000,24.1300000,24.3700000,3275454
US1.GE,D,20150109,000000,24.5200000,24.5300000,23.9550000,24.0500000,2935280
US1.GE,D,20150112,000000,24.0650000,24.1400000,23.7700000,23.9700000,2962003
US1.GE,D,20150113,000000,24.2400000,24.3300000,23.6350000,23.8500000,3917653
US1.GE,D,20150114,000000,23.6400000,23.8450000,23.4200000,23.7800000,4802991
US1.GE,D,20150115,000000,23.8600000,23.9600000,23.5600000,23.5800000,3036065
US1.GE,D,20150116,000000,23.5100000,23.6400000,23.4500000,23.5900000,5013269
US1.GE,D,20150120,000000,23.8300000,23.8650000,23.5550000,23.8500000,2848538
US1.GE,D,20150121,000000,23.8300000,24.0800000,23.7100000,24.0400000,36315215
US1.GE,D,20150122,000000,24.2900000,24.3600000,23.9700000,24.2900000,4832329
US1.GE,D,20150123,000000,24.4300000,24.8800000,24.2900000,24.4800000,4070941
US1.GE,D,20150126,000000,24.7200000,24.7400000,24.4050000,24.5900000,2889047
US1.GE,D,20150127,000000,24.3900000,24.4600000,24.2350000,24.3800000,3206461
US1.GE,D,20150128,000000,24.4400000,24.4900000,23.8100000,23.8500000,5135751
US1.GE,D,20150129,000000,23.8250000,24.1150000,23.7800000,24.0750000,4470674
US1.GE,D,20150130,000000,23.8600000,24.1100000,23.8200000,23.8900000,5288874
US1.GE,D,20150202,000000,23.9900000,24.2200000,23.9050000,24.2000000,4024763
US1.GE,D,20150203,000000,24.2800000,24.5250000,24.2600000,24.4750000,3605662
US1.GE,D,20150204,000000,24.3900000,24.4300000,24.0800000,24.1600000,2718662
US1.GE,D,20150205,000000,24.2800000,24.5000000,24.2400000,24.4900000,1960449
US1.GE,D,20150206,000000,24.5300000,24.7500000,24.4750000,24.5300000,2182975
US1.GE,D,20150209,000000,24.4700000,24.7500000,24.4500000,24.6350000,2715097
US1.GE,D,20150210,000000,24.7600000,24.7900000,24.5850000,24.7100000,2382606
US1.GE,D,20150211,000000,24.7100000,24.8200000,24.6000000,24.7550000,2038652
US1.GE,D,20150212,000000,24.8100000,24.9850000,24.7150000,24.8900000,2311824
US1.GE,D,20150213,000000,24.9900000,25.1650000,24.9400000,25.1400000,2524106
US1.GE,D,20150217,000000,25.1200000,25.2100000,24.9800000,25.1450000,2188257
US1.GE,D,20150218,000000,25.2900000,25.2900000,25.1550000,25.2500000,2236756
US1.GE,D,20150219,000000,25.0300000,25.2050000,24.9500000,25.0100000,2701187
US1.GE,D,20150220,000000,24.8700000,25.2150000,24.8000000,25.1950000,3162008
US1.GE,D,20150223,000000,25.2100000,25.2950000,25.1050000,25.1600000,2381733
US1.GE,D,20150224,000000,25.1100000,25.4500000,25.0900000,25.3900000,2571653
US1.GE,D,20150225,000000,25.4550000,26.0550000,25.4400000,25.9100000,5295591
US1.GE,D,20150226,000000,25.9000000,26.0100000,25.8100000,25.9000000,3367216
US1.GE,D,20150227,000000,25.8300000,26.2650000,25.7550000,25.9900000,5114732
US1.GE,D,20150302,000000,25.8800000,26.1150000,25.8500000,26.1050000,2395602
US1.GE,D,20150303,000000,26.0200000,26.0800000,25.7850000,25.8600000,2016061
US1.GE,D,20150304,000000,25.7300000,25.7400000,25.4700000,25.6600000,3163640
US1.GE,D,20150305,000000,25.6200000,25.8100000,25.5800000,25.8000000,2436023
US1.GE,D,20150306,000000,25.7100000,25.7800000,25.3300000,25.4150000,2901312
US1.GE,D,20150309,000000,25.5100000,25.7000000,25.5000000,25.6600000,2236673
US1.GE,D,20150310,000000,25.5000000,25.6400000,25.1800000,25.1900000,3395338
US1.GE,D,20150311,000000,25.2700000,25.4800000,25.1350000,25.2100000,3558100
US1.GE,D,20150312,000000,25.2700000,25.4050000,25.1800000,25.3950000,1980949
US1.GE,D,20150313,000000,25.2800000,25.3500000,24.8150000,25.0300000,4233250
US1.GE,D,20150316,000000,25.0600000,25.4750000,24.9600000,25.4600000,2816999
US1.GE,D,20150317,000000,25.3000000,25.3900000,25.0950000,25.3300000,3520792
US1.GE,D,20150318,000000,25.2000000,25.7800000,25.1100000,25.6400000,4778241
US1.GE,D,20150319,000000,25.4300000,25.6100000,25.2600000,25.3250000,2707418
US1.GE,D,20150320,000000,25.3400000,25.5300000,25.3100000,25.4050000,2644004
US1.GE,D,20150323,000000,25.4700000,25.7300000,25.4600000,25.4700000,2257581
US1.GE,D,20150324,000000,25.3800000,25.4700000,25.2800000,25.2800000,2038344
US1.GE,D,20150325,000000,25.2200000,25.3300000,24.9150000,24.9200000,2872894
US1.GE,D,20150326,000000,24.8100000,24.9200000,24.6750000,24.8050000,3108461
US1.GE,D,20150327,000000,24.9200000,24.9200000,24.7200000,24.8550000,2548014
US1.GE,D,20150330,000000,25.0000000,25.1950000,24.9750000,25.1200000,2201985
US1.GE,D,20150331,000000,25.0900000,25.0900000,24.8100000,24.8300000,2369192
US1.GE,D,20150401,000000,24.7200000,24.9150000,24.5700000,24.8300000,3130085
US1.GE,D,20150402,000000,24.8100000,24.9950000,24.7100000,24.9400000,2150832
US1.GE,D,20150406,000000,24.9100000,25.4050000,24.7900000,25.1850000,2871809
US1.GE,D,20150407,000000,25.1400000,25.2800000,25.0000000,25.0100000,1357564
US1.GE,D,20150408,000000,25.0500000,25.1200000,24.8800000,25.0050000,1987529
US1.GE,D,20150409,000000,25.1200000,25.8300000,24.9150000,25.7200000,5194034
US1.GE,D,20150410,000000,27.1300000,28.6750000,27.0100000,28.5200000,18136050
US1.GE,D,20150413,000000,28.0600000,28.1800000,27.5050000,27.6300000,10833418
US1.GE,D,20150414,000000,27.4800000,27.8350000,27.3900000,27.7100000,3125272
US1.GE,D,20150415,000000,27.6700000,27.8450000,27.4400000,27.4400000,3088436
US1.GE,D,20150416,000000,27.3200000,27.4900000,27.1850000,27.2850000,3620710
US1.GE,D,20150417,000000,27.3700000,27.6700000,26.9300000,27.2300000,5868331
US1.GE,D,20150420,000000,27.3200000,27.4400000,27.0100000,27.0300000,4364577
US1.GE,D,20150421,000000,27.0300000,27.0600000,26.5550000,26.6250000,3572239
US1.GE,D,20150422,000000,26.6800000,27.0200000,26.6000000,26.9150000,2520830
US1.GE,D,20150423,000000,26.7900000,27.0650000,26.7100000,26.8600000,2435378
US1.GE,D,20150424,000000,26.8900000,26.8900000,26.7000000,26.8150000,1692840
US1.GE,D,20150427,000000,26.9700000,26.9900000,26.8200000,26.9050000,2469991
US1.GE,D,20150428,000000,26.9600000,27.1550000,26.6400000,27.1250000,3278177
US1.GE,D,20150429,000000,26.9200000,27.2500000,26.9000000,27.1100000,3340608
US1.GE,D,20150430,000000,27.0500000,27.3500000,26.9700000,27.0850000,4566459
US1.GE,D,20150501,000000,27.1100000,27.3150000,27.0000000,27.3050000,2194917
US1.GE,D,20150504,000000,27.3600000,27.6100000,27.2500000,27.2750000,1201384
US1.GE,D,20150505,000000,27.2700000,27.3500000,26.8550000,26.9250000,1790657
US1.GE,D,20150506,000000,27.0100000,27.1800000,26.6150000,26.8250000,2321367
US1.GE,D,20150507,000000,26.7800000,27.1150000,26.6700000,27.0450000,2466121
US1.GE,D,20150508,000000,27.2700000,27.4850000,27.2400000,27.3550000,2787339
US1.GE,D,20150511,000000,27.2600000,27.3000000,26.8650000,26.9150000,2125391
US1.GE,D,20150512,000000,26.8100000,27.0900000,26.7500000,27.0350000,1844023
US1.GE,D,20150513,000000,27.0300000,27.2300000,26.9250000,27.2150000,2591152
US1.GE,D,20150514,000000,27.3200000,27.4200000,27.1600000,27.4050000,1919232
US1.GE,D,20150515,000000,27.3800000,27.4350000,27.2550000,27.2800000,1810403
US1.GE,D,20150518,000000,27.2200000,27.3800000,27.2200000,27.3000000,1940367
US1.GE,D,20150519,000000,27.2700000,27.3900000,27.2200000,27.3550000,1294588
US1.GE,D,20150520,000000,27.3500000,27.6950000,27.2000000,27.6500000,2604978
US1.GE,D,20150521,000000,27.6600000,27.7900000,27.5500000,27.7350000,2959058
US1.GE,D,20150522,000000,27.6900000,27.7700000,27.6200000,27.6900000,1397591
US1.GE,D,20150526,000000,27.5100000,27.5800000,27.3800000,27.5400000,4022955
US1.GE,D,20150527,000000,27.5700000,27.6200000,27.4600000,27.5100000,1217762
US1.GE,D,20150528,000000,27.5000000,27.6300000,27.3050000,27.6300000,1327333
US1.GE,D,20150529,000000,27.4800000,27.4950000,27.2900000,27.2950000,2230989
US1.GE,D,20150601,000000,27.2600000,27.3400000,27.0700000,27.2700000,1992718
US1.GE,D,20150602,000000,27.2200000,27.4150000,27.1600000,27.3500000,1237048
US1.GE,D,20150603,000000,27.4300000,27.5600000,27.3650000,27.5450000,3358911
US1.GE,D,20150604,000000,27.4200000,27.6150000,27.2100000,27.2800000,2174313
US1.GE,D,20150605,000000,27.2300000,27.3700000,27.1700000,27.2900000,1901633
US1.GE,D,20150608,000000,27.2900000,27.3550000,27.2150000,27.2400000,1756119
US1.GE,D,20150609,000000,27.2600000,27.4600000,27.1700000,27.3250000,2316204
US1.GE,D,20150610,000000,27.3300000,27.6800000,27.3200000,27.6150000,2100802
US1.GE,D,20150611,000000,27.5700000,27.6400000,27.3650000,27.5300000,2164356
US1.GE,D,20150612,000000,27.4500000,27.4700000,27.2800000,27.3950000,1603618
US1.GE,D,20150615,000000,27.2000000,27.3100000,27.1100000,27.2200000,1849897
US1.GE,D,20150616,000000,27.2000000,27.2350000,27.0000000,27.2100000,1673625
US1.GE,D,20150617,000000,27.1900000,27.3900000,27.1100000,27.2700000,2827793
US1.GE,D,20150618,000000,27.0700000,27.4050000,27.0350000,27.3800000,2598276
US1.GE,D,20150619,000000,27.2800000,27.3750000,27.1900000,27.2500000,2051920
US1.GE,D,20150622,000000,27.3000000,27.5000000,27.3000000,27.4450000,1379895
US1.GE,D,20150623,000000,27.4000000,27.5950000,27.3900000,27.5500000,1469815
US1.GE,D,20150624,000000,27.5600000,27.5900000,27.2500000,27.2700000,1765634
US1.GE,D,20150625,000000,27.2600000,27.3450000,27.0250000,27.0400000,1579088
US1.GE,D,20150626,000000,27.0100000,27.1250000,26.9100000,27.0950000,1624887
US1.GE,D,20150629,000000,26.9000000,26.9600000,26.5350000,26.6300000,2308397
US1.GE,D,20150630,000000,26.8350000,26.9500000,26.5400000,26.6450000,2559636
US1.GE,D,20150701,000000,26.6700000,26.8600000,26.4750000,26.6700000,2539823
US1.GE,D,20150702,000000,26.6800000,26.8250000,26.6000000,26.7750000,2060383
US1.GE,D,20150706,000000,26.5300000,26.6350000,26.2000000,26.3050000,1812648
US1.GE,D,20150707,000000,26.3600000,26.5400000,25.9350000,26.4950000,1818740
US1.GE,D,20150708,000000,26.1000000,26.2400000,25.8800000,25.8800000,3335666
US1.GE,D,20150709,000000,26.1800000,26.4000000,26.0150000,26.0200000,2531691
US1.GE,D,20150710,000000,26.3900000,26.4400000,26.0500000,26.2750000,1810931
US1.GE,D,20150713,000000,26.5000000,26.5200000,26.2400000,26.4700000,1445397
US1.GE,D,20150714,000000,26.4650000,26.7250000,26.4500000,26.6650000,1180116
US1.GE,D,20150715,000000,26.6200000,26.7900000,26.6050000,26.7900000,1816665
US1.GE,D,20150716,000000,26.9600000,27.0350000,26.8400000,26.9900000,1775538
US1.GE,D,20150717,000000,27.2300000,27.3300000,27.0350000,27.2250000,2092198
US1.GE,D,20150720,000000,27.1200000,27.2100000,27.0200000,27.1250000,1982840
US1.GE,D,20150721,000000,26.9900000,27.1500000,26.8050000,26.8350000,1752852
US1.GE,D,20150722,000000,26.9200000,26.9500000,26.5700000,26.6250000,1563699
US1.GE,D,20150723,000000,26.5600000,26.6000000,26.2000000,26.2650000,1500195
US1.GE,D,20150724,000000,26.2900000,26.3100000,25.6750000,25.7600000,1840966
US1.GE,D,20150727,000000,25.5700000,25.9800000,25.5300000,25.9650000,2332629
US1.GE,D,20150728,000000,26.1400000,26.2300000,25.9550000,26.1150000,1892201
US1.GE,D,20150729,000000,26.0900000,26.2800000,26.0600000,26.2600000,1556567
US1.GE,D,20150730,000000,26.2200000,26.2200000,26.0200000,26.1300000,1615021
US1.GE,D,20150731,000000,26.2500000,26.2900000,26.0550000,26.1050000,1129061
US1.GE,D,20150803,000000,26.1000000,26.1200000,25.6100000,25.8600000,1926328
US1.GE,D,20150804,000000,25.8800000,26.0550000,25.8300000,25.9050000,1167842
US1.GE,D,20150805,000000,26.1300000,26.3300000,26.0350000,26.1000000,1646248
US1.GE,D,20150806,000000,26.1700000,26.1800000,25.9600000,26.0400000,961936
US1.GE,D,20150807,000000,25.9400000,26.0500000,25.6150000,25.7950000,1633171
US1.GE,D,20150810,000000,25.9000000,26.3000000,25.9000000,26.2350000,1233969
US1.GE,D,20150811,000000,26.0200000,26.0200000,25.6400000,25.7250000,1577842
US1.GE,D,20150812,000000,25.5300000,25.8700000,25.3500000,25.8400000,1204728
US1.GE,D,20150813,000000,25.8000000,25.9050000,25.6250000,25.8050000,938901
US1.GE,D,20150814,000000,25.6500000,26.1000000,25.6400000,26.0900000,975584
US1.GE,D,20150817,000000,25.9500000,26.2400000,25.8100000,26.2200000,1074586
US1.GE,D,20150818,000000,26.1900000,26.2100000,25.9400000,26.0700000,973067
US1.GE,D,20150819,000000,25.9000000,26.0250000,25.6150000,25.7300000,1480184
US1.GE,D,20150820,000000,25.4900000,25.6300000,25.1850000,25.2050000,1744820
US1.GE,D,20150821,000000,24.9400000,25.1200000,24.8300000,24.8300000,856608
US1.GE,D,20150824,000000,22.6900000,24.3750000,19.8000000,24.1100000,3737426
US1.GE,D,20150826,000000,23.8300000,24.0600000,23.2750000,24.0100000,4781289
US1.GE,D,20150827,000000,24.4300000,24.9900000,24.3800000,24.9900000,4630340
US1.GE,D,20150828,000000,24.9200000,25.1700000,24.7800000,25.1500000,1761462
US1.GE,D,20150831,000000,24.9700000,24.9700000,24.5800000,24.8300000,1584453
US1.GE,D,20150901,000000,24.2100000,24.3550000,23.7500000,23.7500000,3729075
US1.GE,D,20150902,000000,23.8700000,24.5700000,23.8400000,24.5700000,2062091
US1.GE,D,20150903,000000,24.7600000,24.9450000,24.3950000,24.5250000,1639124
US1.GE,D,20150904,000000,24.1100000,24.1600000,23.8500000,23.9900000,2095834
US1.GE,D,20150908,000000,24.5200000,24.9800000,24.2700000,24.9250000,2363372
US1.GE,D,20150909,000000,25.2200000,25.2200000,24.4800000,24.5500000,2104850
US1.GE,D,20150910,000000,24.5400000,24.8500000,24.5100000,24.6750000,2564960
US1.GE,D,20150911,000000,24.7400000,24.9600000,24.5050000,24.9550000,1677817
US1.GE,D,20150914,000000,24.9700000,24.9700000,24.6000000,24.7600000,1620162
US1.GE,D,20150915,000000,24.9000000,25.4450000,24.7000000,25.3050000,2792865
US1.GE,D,20150916,000000,25.5400000,26.0250000,25.4200000,25.9150000,3487626
US1.GE,D,20150917,000000,25.5600000,25.9250000,25.3150000,25.3900000,3329410
US1.GE,D,20150918,000000,24.9100000,25.0100000,24.7100000,24.8300000,1685819
US1.GE,D,20150921,000000,24.8900000,25.1950000,24.8400000,25.1050000,2095234
US1.GE,D,20150922,000000,24.7600000,25.1550000,24.6050000,25.1050000,2577021
US1.GE,D,20150923,000000,25.0100000,25.3300000,24.9800000,25.1400000,3003523
US1.GE,D,20150924,000000,24.8800000,25.0200000,24.6500000,24.9500000,3462405
US1.GE,D,20150925,000000,25.0300000,25.0400000,24.8600000,24.9300000,2543093
US1.GE,D,20150928,000000,24.6900000,24.6900000,24.4500000,24.4550000,2030462
US1.GE,D,20150929,000000,24.3300000,24.6000000,24.2650000,24.5800000,2845663
US1.GE,D,20150930,000000,24.7300000,25.2300000,24.6900000,25.2000000,2330725
US1.GE,D,20151001,000000,25.1500000,25.3100000,24.7950000,25.1800000,2669411
US1.GE,D,20151002,000000,24.8900000,25.4850000,24.8300000,25.4750000,2173090
US1.GE,D,20151012,000000,27.9700000,28.1700000,27.9100000,28.0800000,1575770
US1.GE,D,20151013,000000,28.0000000,28.2800000,27.9000000,27.9100000,2024559
US1.GE,D,20151014,000000,27.7400000,27.8300000,27.4800000,27.5900000,2512238
US1.GE,D,20151015,000000,27.7900000,28.1650000,27.6400000,28.0100000,3563346
US1.GE,D,20151016,000000,28.6100000,29.1850000,28.2200000,28.9500000,5673351
US1.GE,D,20151019,000000,28.7800000,29.5550000,28.7500000,29.0300000,4214307
US1.GE,D,20151020,000000,28.8200000,29.0000000,28.7050000,28.8200000,2256935
US1.GE,D,20151021,000000,28.8000000,29.2350000,28.8000000,28.8450000,2088209
US1.GE,D,20151022,000000,28.9300000,29.7400000,28.9100000,29.6150000,4135647
US1.GE,D,20151023,000000,29.6500000,29.8250000,29.4200000,29.5100000,2973337
US1.GE,D,20151026,000000,29.5400000,29.6600000,29.4100000,29.5400000,2014832
US1.GE,D,20151027,000000,29.4000000,29.6300000,29.2300000,29.4700000,2092634
US1.GE,D,20151028,000000,29.3200000,29.5750000,29.1550000,29.3900000,3235491
US1.GE,D,20151029,000000,29.2100000,29.3800000,29.0600000,29.3400000,2011907
US1.GE,D,20151030,000000,29.2400000,29.3200000,28.9100000,28.9200000,2601876
US1.GE,D,20151102,000000,28.9100000,29.4000000,28.8900000,29.3800000,2744827
US1.GE,D,20151103,000000,29.2100000,29.7900000,29.1800000,29.6000000,1607614
US1.GE,D,20151104,000000,29.5600000,29.7850000,29.4650000,29.5600000,2868288
US1.GE,D,20151105,000000,29.4700000,29.7350000,29.3100000,29.6800000,2321840
US1.GE,D,20151106,000000,29.4300000,29.9450000,29.2550000,29.9000000,3076014
US1.GE,D,20151109,000000,29.7700000,29.9500000,29.3850000,29.8050000,6167132
US1.GE,D,20151110,000000,29.6400000,30.2700000,29.6300000,30.1250000,7617427
US1.GE,D,20151111,000000,30.2300000,30.8150000,30.2250000,30.6850000,6198643
US1.GE,D,20151112,000000,30.4100000,30.9000000,30.1150000,30.2050000,7636996
US1.GE,D,20151113,000000,29.8500000,30.4850000,29.8300000,30.2300000,7481248
US1.GE,D,20151116,000000,29.9500000,30.6000000,29.7800000,30.3500000,14004930
US1.GE,D,20151117,000000,30.5650000,30.7500000,30.0000000,30.4000000,9552172
US1.GE,D,20151118,000000,30.2200000,30.5700000,30.1000000,30.5000000,3564940
US1.GE,D,20151119,000000,30.4100000,30.5100000,30.2800000,30.3900000,2689105
US1.GE,D,20151120,000000,30.2600000,30.9900000,30.2100000,30.6700000,8565462
US1.GE,D,20151123,000000,30.5800000,30.8200000,30.2600000,30.5400000,5170961
US1.GE,D,20151124,000000,30.3300000,30.8700000,30.2800000,30.6700000,8738136
US1.GE,D,20151125,000000,30.6400000,30.6400000,30.3050000,30.3650000,1684567
US1.GE,D,20151127,000000,30.2550000,30.3750000,30.1950000,30.3600000,1193054
US1.GE,D,20151130,000000,30.3400000,30.4400000,29.9500000,29.9500000,2715740
US1.GE,D,20151201,000000,30.0000000,30.2400000,29.8700000,30.1600000,2408139
US1.GE,D,20151202,000000,30.0900000,30.2300000,29.8800000,29.9800000,2181084
US1.GE,D,20151203,000000,30.0700000,30.2500000,29.9650000,30.0900000,3204307
US1.GE,D,20151204,000000,30.0700000,30.5100000,29.9600000,30.5100000,3434894
US1.GE,D,20151207,000000,30.4000000,30.4350000,30.1200000,30.3650000,3906320
US1.GE,D,20151208,000000,30.0800000,30.3700000,29.9100000,30.2100000,2383551
US1.GE,D,20151209,000000,30.0100000,30.5900000,29.9600000,30.4750000,3485130
US1.GE,D,20151210,000000,30.4300000,30.9250000,30.3700000,30.6950000,2663998
US1.GE,D,20151211,000000,30.2500000,30.6050000,30.1550000,30.1550000,3872218
US1.GE,D,20151214,000000,30.2500000,30.4500000,29.7750000,30.2500000,3565822
US1.GE,D,20151215,000000,30.4200000,30.6100000,30.2250000,30.3350000,2856324
US1.GE,D,20151216,000000,30.4400000,31.2200000,30.4200000,31.0400000,4304573
US1.GE,D,20151217,000000,30.9600000,31.0500000,30.5450000,30.5600000,3092332
US1.GE,D,20151218,000000,30.3400000,30.5750000,30.3000000,30.3000000,2355139
US1.GE,D,20151221,000000,30.4100000,30.5900000,30.1550000,30.3900000,1823335
US1.GE,D,20151222,000000,30.4900000,30.6300000,30.1600000,30.5000000,2709932
US1.GE,D,20151223,000000,30.5400000,30.9950000,30.5400000,30.9550000,2018359
US1.GE,D,20151224,000000,30.9100000,30.9200000,30.7000000,30.8200000,801874
US1.GE,D,20151228,000000,30.7500000,30.9950000,30.6100000,30.8950000,1018376
US1.GE,D,20151229,000000,31.0200000,31.4750000,31.0100000,31.2800000,1383841
US1.GE,D,20151230,000000,31.3000000,31.4300000,31.0150000,31.0400000,1171604
US1.GE,D,20151231,000000,30.8700000,31.4900000,30.7950000,31.1550000,1902724
