<TICKER>,<PER>,<DATE>,<TIME>,<OPEN>,<HIGH>,<LOW>,<CLOSE>,<VOL>
US1.XOM,D,20140102,000000,100.1900000,100.7500000,99.3850000,99.7700000,767986
US1.XOM,D,20140103,000000,99.6700000,100.1500000,99.1500000,99.4700000,646796
US1.XOM,D,20140106,000000,99.9600000,100.1300000,98.9200000,99.7800000,387785
US1.XOM,D,20140107,000000,99.6750000,101.2100000,99.4400000,101.0400000,393306
US1.XOM,D,20140108,000000,101.0300000,101.0400000,100.1500000,100.7300000,657406
US1.XOM,D,20140109,000000,100.3100000,100.3700000,99.0400000,99.7600000,623282
US1.XOM,D,20140110,000000,99.9900000,100.6200000,99.1200000,100.5300000,497557
US1.XOM,D,20140113,000000,99.9100000,100.0750000,98.2800000,98.5100000,596728
US1.XOM,D,20140114,000000,98.8400000,99.2650000,98.6550000,99.1200000,357937
US1.XOM,D,20140115,000000,99.0800000,99.3400000,98.6400000,98.6950000,437275
US1.XOM,D,20140116,000000,98.9300000,99.0300000,98.2600000,98.9500000,534043
US1.XOM,D,20140117,000000,99.1800000,100.3400000,98.7300000,99.1600000,628224
US1.XOM,D,20140121,000000,98.5700000,98.8800000,98.0500000,98.4600000,461805
US1.XOM,D,20140122,000000,98.8250000,98.9400000,97.8400000,97.9650000,572522
US1.XOM,D,20140123,000000,97.2500000,97.3900000,96.0100000,96.2200000,540701
US1.XOM,D,20140124,000000,96.1900000,96.2300000,94.9000000,94.9200000,793655
US1.XOM,D,20140127,000000,95.0300000,95.5700000,94.7600000,94.9200000,584773
US1.XOM,D,20140128,000000,95.4300000,95.9100000,94.7700000,95.6400000,621287
US1.XOM,D,20140129,000000,94.9000000,96.1800000,94.7500000,95.2000000,507925
US1.XOM,D,20140130,000000,93.9200000,94.9400000,93.0600000,93.9700000,767036
US1.XOM,D,20140131,000000,92.8500000,93.2800000,91.7000000,92.1100000,824442
US1.XOM,D,20140203,000000,91.8000000,92.3000000,89.6400000,90.0700000,1220998
US1.XOM,D,20140204,000000,90.3200000,90.6000000,89.4000000,90.0400000,927665
US1.XOM,D,20140205,000000,90.2200000,90.5900000,89.3800000,89.5800000,843892
US1.XOM,D,20140206,000000,89.4400000,90.1700000,89.2600000,89.8100000,727438
US1.XOM,D,20140207,000000,90.1300000,90.6300000,89.7600000,90.5400000,739910
US1.XOM,D,20140210,000000,90.4100000,90.4100000,89.3700000,89.5000000,978725
US1.XOM,D,20140211,000000,89.5600000,90.9900000,89.4000000,90.7800000,770364
US1.XOM,D,20140212,000000,90.9600000,91.8500000,90.6450000,91.0600000,700285
US1.XOM,D,20140213,000000,90.5900000,91.6500000,90.4100000,91.3800000,556132
US1.XOM,D,20140214,000000,91.7600000,94.4300000,91.6500000,94.0700000,1124092
US1.XOM,D,20140218,000000,94.1300000,94.7200000,93.3700000,94.1100000,845108
US1.XOM,D,20140219,000000,93.9600000,95.2800000,93.8800000,93.9500000,805648
US1.XOM,D,20140220,000000,93.8400000,95.7600000,93.8100000,95.3700000,1118963
US1.XOM,D,20140221,000000,95.4100000,95.5700000,94.9500000,95.0300000,562237
US1.XOM,D,20140224,000000,95.5600000,97.2500000,95.4400000,96.4100000,1092305
US1.XOM,D,20140225,000000,96.6000000,96.9700000,95.9600000,96.3100000,503846
US1.XOM,D,20140226,000000,96.4300000,96.8200000,95.5350000,95.8600000,480909
US1.XOM,D,20140227,000000,95.5800000,96.0400000,95.1800000,95.8200000,452958
US1.XOM,D,20140228,000000,95.9600000,96.8300000,95.8000000,96.3100000,622449
US1.XOM,D,20140303,000000,95.8400000,96.5300000,94.8300000,95.4800000,697069
US1.XOM,D,20140304,000000,96.5600000,96.8500000,95.8800000,96.4700000,640256
US1.XOM,D,20140305,000000,95.2000000,95.2800000,93.4000000,93.7500000,1228436
US1.XOM,D,20140306,000000,93.6500000,93.9400000,93.2700000,93.7800000,713030
US1.XOM,D,20140307,000000,94.4000000,95.0000000,94.0000000,94.9800000,680692
US1.XOM,D,20140310,000000,95.1400000,95.5450000,94.6600000,95.5000000,816618
US1.XOM,D,20140311,000000,95.3300000,95.5500000,93.5300000,94.0100000,1076401
US1.XOM,D,20140312,000000,93.6400000,94.4700000,93.5500000,94.0900000,963485
US1.XOM,D,20140313,000000,94.4400000,94.5700000,93.3300000,93.6500000,1148748
US1.XOM,D,20140314,000000,93.5700000,94.2200000,93.2950000,93.4600000,1384275
US1.XOM,D,20140317,000000,93.8900000,94.5100000,93.7500000,94.3100000,823540
US1.XOM,D,20140318,000000,94.4100000,95.2500000,94.0700000,94.7100000,844080
US1.XOM,D,20140319,000000,94.6500000,95.2600000,93.1500000,93.7500000,1009980
US1.XOM,D,20140320,000000,93.4900000,94.7400000,93.0700000,94.5700000,842659
US1.XOM,D,20140321,000000,95.4000000,95.9300000,94.3300000,94.3300000,1168657
US1.XOM,D,20140324,000000,94.7600000,95.0900000,94.4800000,94.6400000,702018
US1.XOM,D,20140325,000000,95.0600000,95.8000000,94.8000000,94.9400000,762107
US1.XOM,D,20140326,000000,95.5200000,95.5750000,94.4100000,94.7500000,886868
US1.XOM,D,20140327,000000,94.6100000,96.4800000,94.0700000,96.1900000,1329414
US1.XOM,D,20140328,000000,96.4700000,97.9600000,96.4700000,97.7000000,1025176
US1.XOM,D,20140331,000000,98.4800000,98.8400000,97.3300000,97.6800000,850298
US1.XOM,D,20140401,000000,97.6700000,97.9100000,97.2900000,97.7300000,663302
US1.XOM,D,20140402,000000,97.5500000,98.0600000,97.1800000,97.9400000,816712
US1.XOM,D,20140403,000000,97.8000000,98.5350000,97.6000000,97.9000000,636207
US1.XOM,D,20140404,000000,98.2900000,98.7000000,97.2800000,97.3700000,1419529
US1.XOM,D,20140407,000000,97.2500000,97.5200000,96.7600000,96.7900000,1365483
US1.XOM,D,20140408,000000,96.9300000,97.8800000,96.7700000,97.4500000,925751
US1.XOM,D,20140409,000000,97.5900000,97.5900000,96.6300000,97.2100000,678702
US1.XOM,D,20140410,000000,96.8500000,97.7800000,96.2700000,96.8100000,1413217
US1.XOM,D,20140411,000000,96.5500000,97.4300000,96.2900000,96.7100000,1617210
US1.XOM,D,20140414,000000,97.5700000,98.0500000,96.7400000,97.8300000,1124106
US1.XOM,D,20140415,000000,97.5400000,98.7000000,97.1200000,98.6700000,1650400
US1.XOM,D,20140416,000000,99.1400000,100.0900000,99.0300000,99.9300000,994536
US1.XOM,D,20140417,000000,99.7300000,100.9700000,99.7300000,100.4200000,1431186
US1.XOM,D,20140421,000000,100.1700000,100.8900000,99.9200000,100.8800000,590818
US1.XOM,D,20140422,000000,100.4700000,100.8500000,100.2300000,100.3700000,525704
US1.XOM,D,20140423,000000,100.6000000,100.9400000,100.3300000,100.4900000,629390
US1.XOM,D,20140424,000000,100.4100000,100.5500000,99.8600000,99.9950000,715934
US1.XOM,D,20140425,000000,100.0000000,100.5700000,99.9700000,100.4300000,720034
US1.XOM,D,20140428,000000,100.8500000,101.4600000,100.3200000,101.1700000,1061434
US1.XOM,D,20140429,000000,101.5600000,102.5700000,101.2700000,101.4500000,743956
US1.XOM,D,20140430,000000,101.1300000,102.3200000,100.7200000,102.3000000,771821
US1.XOM,D,20140501,000000,101.9600000,102.3800000,101.2100000,101.4100000,495152
US1.XOM,D,20140502,000000,101.2100000,102.9100000,101.0000000,102.0200000,936456
US1.XOM,D,20140505,000000,101.6900000,103.1300000,101.5800000,102.9100000,433128
US1.XOM,D,20140506,000000,102.6600000,103.2900000,102.4200000,102.6800000,669387
US1.XOM,D,20140507,000000,103.2000000,103.4400000,102.8000000,103.1100000,661276
US1.XOM,D,20140508,000000,103.0700000,103.2900000,102.1900000,102.3300000,455414
US1.XOM,D,20140509,000000,101.7500000,102.1400000,101.2700000,101.9700000,429170
US1.XOM,D,20140512,000000,102.2800000,102.3300000,101.5250000,102.2200000,420161
US1.XOM,D,20140513,000000,102.2200000,102.7100000,101.9700000,102.3800000,306341
US1.XOM,D,20140514,000000,102.3700000,102.6600000,102.1200000,102.3050000,257961
US1.XOM,D,20140515,000000,102.0400000,102.4100000,100.3300000,100.8000000,775485
US1.XOM,D,20140516,000000,100.4600000,100.9900000,100.3350000,100.6700000,426507
US1.XOM,D,20140519,000000,100.4900000,101.1050000,100.4400000,100.9150000,246955
US1.XOM,D,20140520,000000,100.6800000,101.0600000,100.4500000,100.6700000,270109
US1.XOM,D,20140521,000000,100.8500000,102.2200000,100.7400000,102.1400000,343911
US1.XOM,D,20140522,000000,101.9000000,101.9700000,101.4800000,101.5300000,220134
US1.XOM,D,20140523,000000,101.6800000,101.9200000,101.2700000,101.3300000,227830
US1.XOM,D,20140527,000000,101.5700000,101.8800000,100.9400000,101.3400000,370475
US1.XOM,D,20140528,000000,101.4850000,102.0700000,101.0900000,101.1100000,289993
US1.XOM,D,20140529,000000,101.5400000,101.6400000,101.0200000,101.2700000,442938
US1.XOM,D,20140530,000000,100.8000000,101.1200000,100.3800000,100.5200000,521497
US1.XOM,D,20140602,000000,100.7700000,100.8100000,99.6700000,99.9300000,330719
US1.XOM,D,20140603,000000,99.7300000,100.6800000,99.7300000,100.3800000,398484
US1.XOM,D,20140604,000000,100.2400000,100.4550000,99.9700000,100.0000000,322002
US1.XOM,D,20140605,000000,100.1700000,100.8200000,99.9600000,100.4800000,553866
US1.XOM,D,20140606,000000,100.7000000,101.6200000,100.6200000,101.5600000,514029
US1.XOM,D,20140609,000000,101.1900000,101.9600000,101.1900000,101.5000000,410246
US1.XOM,D,20140610,000000,101.6050000,101.6200000,101.0000000,101.4900000,434565
US1.XOM,D,20140611,000000,101.1900000,102.3200000,101.0300000,101.9700000,605974
US1.XOM,D,20140612,000000,102.4700000,102.9400000,101.5700000,101.6600000,881981
US1.XOM,D,20140613,000000,101.9200000,102.6500000,101.6300000,102.6000000,516156
US1.XOM,D,20140616,000000,102.4600000,103.2400000,102.1700000,102.8900000,487007
US1.XOM,D,20140617,000000,102.5000000,102.5000000,101.4600000,102.4100000,634744
US1.XOM,D,20140618,000000,102.5700000,102.9500000,102.0700000,102.7400000,791091
US1.XOM,D,20140619,000000,102.6700000,102.8400000,101.6850000,102.6500000,658936
US1.XOM,D,20140620,000000,103.2000000,104.0550000,103.0300000,103.9000000,447045
US1.XOM,D,20140623,000000,103.9500000,104.6100000,103.8800000,104.3800000,477323
US1.XOM,D,20140624,000000,104.1900000,104.4700000,102.4700000,102.8000000,745502
US1.XOM,D,20140625,000000,102.3400000,102.6200000,101.5350000,102.1200000,677272
US1.XOM,D,20140626,000000,101.9950000,102.3800000,100.8800000,102.0000000,606583
US1.XOM,D,20140627,000000,101.7100000,101.7600000,100.6600000,101.3300000,591632
US1.XOM,D,20140630,000000,101.1800000,101.2700000,100.5400000,100.6200000,400380
US1.XOM,D,20140701,000000,101.1500000,101.5600000,100.7900000,101.3300000,435091
US1.XOM,D,20140702,000000,101.2600000,101.6300000,101.0700000,101.5800000,330903
US1.XOM,D,20140703,000000,102.0200000,103.2200000,101.7300000,103.0400000,278347
US1.XOM,D,20140707,000000,102.2900000,102.6400000,102.0200000,102.6200000,444836
US1.XOM,D,20140708,000000,102.2900000,103.2300000,102.1700000,102.8500000,607714
US1.XOM,D,20140709,000000,102.8600000,103.6800000,102.8600000,103.5400000,478378
US1.XOM,D,20140710,000000,102.9700000,103.0400000,102.0500000,102.5600000,546768
US1.XOM,D,20140711,000000,102.3900000,102.4450000,101.3300000,101.7200000,593605
US1.XOM,D,20140714,000000,102.2000000,103.0700000,102.1900000,102.7000000,595341
US1.XOM,D,20140715,000000,102.5300000,102.5900000,101.7450000,102.4000000,554611
US1.XOM,D,20140716,000000,102.5600000,103.7600000,102.5600000,103.7600000,466862
US1.XOM,D,20140717,000000,103.2800000,103.8800000,102.3000000,102.3000000,529838
US1.XOM,D,20140718,000000,102.6500000,102.9600000,101.8700000,102.7200000,389568
US1.XOM,D,20140721,000000,102.3800000,103.1900000,102.0700000,103.1300000,484632
US1.XOM,D,20140722,000000,103.6500000,104.1900000,103.5050000,103.5200000,368090
US1.XOM,D,20140723,000000,103.6400000,104.4400000,103.6000000,104.2600000,346579
US1.XOM,D,20140724,000000,104.4200000,104.7100000,103.9600000,104.2700000,415722
US1.XOM,D,20140725,000000,103.8400000,103.9700000,102.9650000,103.1750000,626049
US1.XOM,D,20140728,000000,103.2150000,104.5100000,102.8300000,104.3800000,561754
US1.XOM,D,20140729,000000,104.2500000,104.7600000,103.5700000,103.5800000,759400
US1.XOM,D,20140730,000000,103.6500000,104.1500000,102.5700000,103.3050000,739425
US1.XOM,D,20140731,000000,101.8100000,101.8800000,98.9350000,98.9500000,771207
US1.XOM,D,20140801,000000,98.5800000,99.5500000,98.1800000,98.8400000,760616
US1.XOM,D,20140804,000000,98.8000000,100.4300000,98.3200000,100.2100000,540460
US1.XOM,D,20140805,000000,99.4700000,99.5100000,97.7800000,98.2000000,634047
US1.XOM,D,20140806,000000,98.3200000,99.6400000,98.3200000,98.9700000,620247
US1.XOM,D,20140807,000000,99.7100000,99.8400000,97.6400000,98.2500000,583151
US1.XOM,D,20140808,000000,98.7700000,99.7900000,98.3400000,99.7700000,513101
US1.XOM,D,20140811,000000,99.1500000,99.4200000,98.5400000,98.7300000,382424
US1.XOM,D,20140812,000000,98.1000000,98.6800000,97.8200000,98.5200000,512301
US1.XOM,D,20140813,000000,98.8200000,99.3100000,98.4900000,99.0800000,413907
US1.XOM,D,20140814,000000,99.0300000,99.0800000,98.6100000,99.0500000,371678
US1.XOM,D,20140815,000000,99.3100000,99.4200000,98.1400000,99.0300000,494171
US1.XOM,D,20140818,000000,99.3800000,99.4900000,99.1000000,99.4900000,386839
US1.XOM,D,20140819,000000,99.4900000,99.9400000,99.4300000,99.5200000,332907
US1.XOM,D,20140820,000000,99.4900000,99.9000000,99.0400000,99.7200000,392532
US1.XOM,D,20140821,000000,99.6400000,100.0700000,99.2850000,99.3300000,397390
US1.XOM,D,20140822,000000,98.9200000,98.9600000,98.0900000,98.5000000,434818
US1.XOM,D,20140825,000000,98.8600000,98.9000000,98.5050000,98.8000000,323317
US1.XOM,D,20140826,000000,99.1400000,100.3000000,99.1000000,99.6500000,347068
US1.XOM,D,20140827,000000,99.7800000,99.9600000,99.1000000,99.4900000,293087
US1.XOM,D,20140828,000000,99.0400000,99.7350000,99.0200000,99.5200000,272440
US1.XOM,D,20140829,000000,99.5100000,99.6700000,98.7300000,99.4600000,541925
US1.XOM,D,20140902,000000,99.4700000,99.4700000,97.8200000,98.4800000,553622
US1.XOM,D,20140903,000000,99.0800000,99.5800000,99.0050000,99.0900000,507289
US1.XOM,D,20140904,000000,99.0300000,99.4450000,97.9800000,98.2700000,609936
US1.XOM,D,20140905,000000,98.7500000,99.2950000,98.1200000,99.2000000,569937
US1.XOM,D,20140908,000000,98.9200000,98.9200000,97.4600000,97.7400000,800748
US1.XOM,D,20140909,000000,97.6800000,98.0200000,96.9600000,97.3900000,704836
US1.XOM,D,20140910,000000,97.4900000,97.4900000,95.8300000,96.8200000,827932
US1.XOM,D,20140911,000000,96.0600000,97.1200000,95.8400000,97.0200000,652316
US1.XOM,D,20140912,000000,96.5200000,96.5800000,95.6400000,95.7700000,666115
US1.XOM,D,20140915,000000,95.7100000,96.4000000,95.4100000,96.2800000,700708
US1.XOM,D,20140916,000000,96.2300000,98.0400000,96.0400000,97.4400000,696177
US1.XOM,D,20140917,000000,97.9000000,97.9200000,96.8000000,97.0900000,543280
US1.XOM,D,20140918,000000,97.1900000,97.3100000,96.4800000,96.5900000,568442
US1.XOM,D,20140919,000000,97.1300000,97.5600000,96.8750000,97.1550000,665237
US1.XOM,D,20140922,000000,96.8800000,96.9900000,96.2700000,96.5900000,614520
US1.XOM,D,20140923,000000,96.1600000,97.1500000,96.0500000,96.0600000,578420
US1.XOM,D,20140924,000000,95.8700000,96.2500000,94.8400000,95.8400000,912150
US1.XOM,D,20140925,000000,95.7100000,95.8900000,94.2100000,94.2700000,856982
US1.XOM,D,20140926,000000,94.2600000,95.7500000,93.8000000,95.3900000,801813
US1.XOM,D,20140929,000000,94.2600000,94.7800000,93.8000000,94.4350000,944090
US1.XOM,D,20140930,000000,94.1500000,94.8000000,93.6200000,94.0800000,922996
US1.XOM,D,20141001,000000,94.3300000,94.5300000,92.7200000,92.8900000,1030833
US1.XOM,D,20141002,000000,92.4500000,93.9000000,92.0600000,93.3000000,1172620
US1.XOM,D,20141003,000000,93.4400000,94.0400000,92.5900000,93.9200000,806549
US1.XOM,D,20141006,000000,94.0100000,95.3300000,93.9200000,94.5150000,987650
US1.XOM,D,20141007,000000,94.3200000,95.1700000,93.3300000,93.3300000,808517
US1.XOM,D,20141008,000000,93.4000000,94.8100000,92.4200000,94.6200000,872742
US1.XOM,D,20141009,000000,94.0200000,94.4800000,91.6300000,91.8400000,1500023
US1.XOM,D,20141010,000000,92.4300000,93.2500000,90.9000000,91.5900000,1324341
US1.XOM,D,20141013,000000,91.3000000,92.5200000,90.7600000,90.8500000,1192017
US1.XOM,D,20141014,000000,91.5600000,92.2250000,90.0800000,90.5900000,2294088
US1.XOM,D,20141015,000000,88.9800000,90.5900000,86.9100000,90.2200000,1555516
US1.XOM,D,20141016,000000,88.5200000,91.2500000,88.2200000,90.5900000,1867937
US1.XOM,D,20141017,000000,91.1500000,92.2500000,90.5000000,91.2100000,1506591
US1.XOM,D,20141020,000000,90.7700000,91.8800000,90.6800000,91.7800000,976724
US1.XOM,D,20141021,000000,92.8600000,94.0300000,92.3600000,93.6600000,1532932
US1.XOM,D,20141022,000000,93.9600000,94.5800000,92.9800000,93.1000000,1086886
US1.XOM,D,20141023,000000,94.3400000,94.9800000,93.8800000,94.1100000,1053313
US1.XOM,D,20141024,000000,94.0600000,94.5100000,93.2500000,94.4600000,802841
US1.XOM,D,20141027,000000,93.6900000,93.8300000,92.7700000,93.7200000,841484
US1.XOM,D,20141028,000000,94.4700000,95.1800000,93.9400000,95.0500000,962434
US1.XOM,D,20141029,000000,95.4000000,95.9800000,93.6300000,94.5700000,1150521
US1.XOM,D,20141030,000000,93.8700000,94.6700000,93.2200000,94.4400000,779699
US1.XOM,D,20141031,000000,94.9900000,96.8800000,94.3600000,96.5800000,1001403
US1.XOM,D,20141103,000000,96.5500000,97.0950000,95.0050000,95.2300000,1375414
US1.XOM,D,20141104,000000,94.6600000,94.8500000,93.9000000,94.4900000,1082011
US1.XOM,D,20141105,000000,95.3600000,95.7600000,94.6600000,95.0400000,1132597
US1.XOM,D,20141106,000000,95.1700000,96.4150000,95.0650000,96.2100000,1143081
US1.XOM,D,20141107,000000,95.7200000,97.1500000,95.7200000,96.6000000,1118390
US1.XOM,D,20141110,000000,96.9900000,97.1000000,96.0700000,96.2900000,1037013
US1.XOM,D,20141111,000000,95.8500000,96.5000000,95.6200000,96.4400000,742722
US1.XOM,D,20141112,000000,95.8900000,96.4000000,95.1100000,95.3800000,752484
US1.XOM,D,20141113,000000,95.0200000,95.1800000,93.8400000,94.6600000,1013036
US1.XOM,D,20141114,000000,94.8900000,95.1000000,94.6600000,95.1000000,561495
US1.XOM,D,20141117,000000,94.8400000,95.1350000,94.1900000,95.1000000,822882
US1.XOM,D,20141118,000000,95.1300000,95.7500000,94.5400000,94.8900000,817423
US1.XOM,D,20141119,000000,94.9200000,95.7300000,94.1300000,95.6000000,715171
US1.XOM,D,20141120,000000,95.4500000,95.9000000,95.2700000,95.8000000,861647
US1.XOM,D,20141121,000000,96.9300000,97.1500000,96.1200000,96.8100000,766952
US1.XOM,D,20141124,000000,96.6000000,96.7400000,95.2500000,95.7200000,764458
US1.XOM,D,20141125,000000,96.0100000,96.0300000,94.3700000,94.8000000,974798
US1.XOM,D,20141126,000000,94.6500000,95.1300000,94.3600000,94.5600000,688375
US1.XOM,D,20141128,000000,91.5600000,91.8500000,90.1200000,90.5900000,1419315
US1.XOM,D,20141201,000000,90.3200000,92.8700000,90.2900000,92.4800000,2497958
US1.XOM,D,20141202,000000,92.2400000,94.6700000,92.0100000,94.1900000,2009356
US1.XOM,D,20141203,000000,94.6700000,95.3300000,94.0050000,94.9300000,1406601
US1.XOM,D,20141204,000000,94.1300000,94.6000000,93.0700000,94.3500000,912520
US1.XOM,D,20141205,000000,93.9500000,94.5800000,93.3700000,93.8200000,828459
US1.XOM,D,20141208,000000,92.8900000,93.1300000,91.3700000,91.7000000,1379323
US1.XOM,D,20141209,000000,91.2300000,92.0600000,90.7700000,91.4000000,1735417
US1.XOM,D,20141210,000000,90.6800000,90.6800000,88.2100000,88.7100000,1910848
US1.XOM,D,20141211,000000,88.8500000,91.5300000,88.8500000,89.2400000,1487184
US1.XOM,D,20141212,000000,88.6200000,88.9700000,86.6700000,86.7800000,1878979
US1.XOM,D,20141215,000000,87.4500000,88.5800000,86.5100000,86.8600000,2146080
US1.XOM,D,20141216,000000,86.4700000,89.1900000,86.1950000,86.3600000,2618387
US1.XOM,D,20141217,000000,87.3100000,89.8900000,87.1600000,89.0300000,2921221
US1.XOM,D,20141218,000000,90.5100000,91.1500000,88.4000000,91.1400000,2334085
US1.XOM,D,20141219,000000,90.1500000,93.5200000,89.6900000,93.4600000,2369474
US1.XOM,D,20141222,000000,93.0900000,93.6700000,92.4600000,93.3600000,1632454
US1.XOM,D,20141223,000000,93.4400000,95.1800000,93.0500000,94.6000000,1328181
US1.XOM,D,20141224,000000,94.1700000,94.2500000,93.0000000,93.8100000,544599
US1.XOM,D,20141226,000000,94.2100000,94.4100000,92.6300000,93.2200000,1067575
US1.XOM,D,20141229,000000,93.3300000,93.8600000,92.9000000,93.0700000,793207
US1.XOM,D,20141230,000000,92.8100000,93.3800000,92.5200000,93.0200000,674644
US1.XOM,D,20141231,000000,92.5500000,93.1300000,92.0600000,92.4400000,938913
US1.XOM,D,20150102,000000,92.2500000,93.0500000,91.8200000,92.8000000,801646
US1.XOM,D,20150105,000000,92.1000000,92.3500000,89.5000000,90.3500000,1306908
US1.XOM,D,20150106,000000,90.2400000,91.4100000,89.0200000,89.7800000,1368364
US1.XOM,D,20150107,000000,90.6500000,91.4800000,90.0050000,90.7100000,1174106
US1.XOM,D,20150108,000000,91.3800000,92.2600000,91.0200000,92.2000000,1169456
US1.XOM,D,20150109,000000,92.1900000,92.7700000,91.3800000,92.1100000,1060654
US1.XOM,D,20150112,000000,91.2500000,91.3000000,89.8300000,90.4000000,1263615
US1.XOM,D,20150113,000000,90.9600000,91.4200000,89.1200000,90.0000000,1747642
US1.XOM,D,20150114,000000,88.9900000,89.8900000,87.2700000,89.7300000,2038661
US1.XOM,D,20150115,000000,90.5800000,90.5900000,88.5200000,88.9800000,1635286
US1.XOM,D,20150116,000000,89.0600000,91.1900000,89.0500000,91.0300000,1210658
US1.XOM,D,20150120,000000,91.0100000,91.7700000,90.3900000,91.0700000,1749050
US1.XOM,D,20150121,000000,91.7400000,91.9900000,91.0100000,91.8700000,12243333
US1.XOM,D,20150122,000000,92.3600000,92.9600000,91.3300000,92.8800000,1321371
US1.XOM,D,20150123,000000,92.2100000,92.4800000,90.7900000,90.8750000,1086015
US1.XOM,D,20150126,000000,90.6900000,91.9300000,90.4800000,91.7400000,722415
US1.XOM,D,20150127,000000,91.2400000,91.6000000,90.6100000,90.9400000,1020332
US1.XOM,D,20150128,000000,90.8500000,90.8500000,87.8300000,87.9400000,1446577
US1.XOM,D,20150129,000000,88.2200000,88.2600000,86.0300000,87.5700000,2101650
US1.XOM,D,20150130,000000,87.3800000,88.4000000,86.2600000,87.2500000,1671836
US1.XOM,D,20150202,000000,87.9900000,89.5800000,87.5000000,89.5800000,1232249
US1.XOM,D,20150203,000000,90.9000000,92.3300000,90.9000000,92.2700000,1593339
US1.XOM,D,20150204,000000,91.6500000,92.2500000,90.5200000,91.4700000,1623313
US1.XOM,D,20150205,000000,92.4000000,92.5300000,91.7000000,92.3400000,1003943
US1.XOM,D,20150206,000000,92.1000000,92.2700000,90.9900000,91.4900000,987271
US1.XOM,D,20150209,000000,91.4000000,92.2800000,91.2500000,91.5800000,912324
US1.XOM,D,20150210,000000,91.7400000,91.7400000,90.3200000,90.9900000,1063524
US1.XOM,D,20150211,000000,90.0200000,90.8300000,89.7900000,90.6050000,1076808
US1.XOM,D,20150212,000000,91.5100000,92.6600000,91.0200000,92.3600000,1307281
US1.XOM,D,20150213,000000,92.7000000,93.4400000,92.2800000,93.3700000,973234
US1.XOM,D,20150217,000000,92.7300000,93.0700000,92.2900000,92.9750000,891440
US1.XOM,D,20150218,000000,91.9700000,91.9800000,90.4000000,90.9900000,1227210
US1.XOM,D,20150219,000000,89.6900000,90.4100000,88.5900000,89.4500000,1490776
US1.XOM,D,20150220,000000,89.4000000,89.9400000,88.8600000,89.9200000,1292092
US1.XOM,D,20150223,000000,89.1600000,89.5400000,88.7400000,88.9800000,1035446
US1.XOM,D,20150224,000000,89.3100000,89.7800000,89.1600000,89.4400000,631208
US1.XOM,D,20150225,000000,89.6400000,89.7000000,89.1100000,89.5900000,777447
US1.XOM,D,20150226,000000,89.1300000,89.1500000,88.0800000,88.6500000,752855
US1.XOM,D,20150227,000000,88.8900000,89.2800000,88.3400000,88.5600000,778314
US1.XOM,D,20150302,000000,88.4200000,88.5200000,87.3600000,88.0300000,717310
US1.XOM,D,20150303,000000,87.9200000,87.9200000,87.1300000,87.6400000,971053
US1.XOM,D,20150304,000000,87.8600000,87.9200000,86.9300000,87.1850000,793692
US1.XOM,D,20150305,000000,87.0400000,87.1800000,86.5200000,86.7200000,671064
US1.XOM,D,20150306,000000,86.3300000,86.5700000,85.3200000,85.6400000,904829
US1.XOM,D,20150309,000000,86.0000000,86.3800000,85.1200000,85.1600000,1268607
US1.XOM,D,20150310,000000,84.8700000,85.5300000,84.2500000,84.3100000,1150997
US1.XOM,D,20150311,000000,84.8700000,84.8700000,84.0300000,84.0300000,977152
US1.XOM,D,20150312,000000,84.6600000,84.7000000,84.0700000,84.2200000,756164
US1.XOM,D,20150313,000000,83.9400000,84.1500000,82.6900000,83.9100000,1538361
US1.XOM,D,20150316,000000,83.6700000,84.8500000,83.2900000,84.7500000,1054026
US1.XOM,D,20150317,000000,84.4600000,84.8400000,84.0200000,84.0900000,1272156
US1.XOM,D,20150318,000000,83.5500000,86.3700000,83.4800000,86.0800000,1780910
US1.XOM,D,20150319,000000,85.1400000,85.4800000,84.3250000,84.4150000,948552
US1.XOM,D,20150320,000000,84.7200000,85.4000000,84.4500000,84.5400000,1522007
US1.XOM,D,20150323,000000,85.0200000,85.7800000,85.0100000,85.4000000,1006919
US1.XOM,D,20150324,000000,85.4200000,85.7550000,84.5000000,84.5200000,730210
US1.XOM,D,20150325,000000,85.0500000,85.5650000,84.7800000,84.9100000,955559
US1.XOM,D,20150326,000000,85.2100000,85.5500000,84.1000000,84.3000000,1044915
US1.XOM,D,20150327,000000,83.9400000,84.0500000,83.3400000,83.5800000,851741
US1.XOM,D,20150330,000000,84.4200000,85.8200000,84.4200000,85.6550000,1098481
US1.XOM,D,20150331,000000,84.7800000,85.3300000,84.4600000,85.0800000,1084192
US1.XOM,D,20150401,000000,85.7600000,85.9800000,84.2650000,84.4000000,1116356
US1.XOM,D,20150402,000000,84.0300000,84.9300000,83.8600000,84.2800000,821464
US1.XOM,D,20150406,000000,85.1500000,85.6350000,84.2200000,85.1100000,601196
US1.XOM,D,20150407,000000,85.0100000,86.1700000,84.7600000,85.7300000,777780
US1.XOM,D,20150408,000000,85.8100000,85.9000000,84.0300000,84.0800000,1021529
US1.XOM,D,20150409,000000,84.0000000,84.7200000,83.8100000,84.6600000,808630
US1.XOM,D,20150410,000000,85.1500000,86.0300000,84.7700000,85.5400000,837898
US1.XOM,D,20150413,000000,85.9200000,86.2000000,85.2400000,85.3600000,581977
US1.XOM,D,20150414,000000,85.6000000,87.4700000,85.5300000,86.6100000,1257904
US1.XOM,D,20150415,000000,87.2300000,88.5250000,87.1800000,88.0200000,873540
US1.XOM,D,20150416,000000,87.8800000,88.1500000,87.1200000,87.7300000,560710
US1.XOM,D,20150417,000000,87.0600000,87.3500000,86.1700000,86.9200000,718581
US1.XOM,D,20150420,000000,87.1600000,88.1000000,87.1000000,87.2500000,642619
US1.XOM,D,20150421,000000,87.4800000,87.5500000,86.6900000,86.8400000,571289
US1.XOM,D,20150422,000000,86.9300000,87.8000000,86.3600000,87.4900000,528120
US1.XOM,D,20150423,000000,87.4400000,88.3700000,87.4400000,87.5800000,552900
US1.XOM,D,20150424,000000,87.2500000,87.3600000,86.6600000,87.0000000,575212
US1.XOM,D,20150427,000000,87.4600000,87.6000000,86.7600000,87.0600000,454971
US1.XOM,D,20150428,000000,87.2500000,87.8600000,87.0450000,87.8000000,710327
US1.XOM,D,20150429,000000,87.5100000,88.0600000,86.9600000,87.8900000,743261
US1.XOM,D,20150430,000000,88.6100000,88.6100000,87.2200000,87.3800000,991295
US1.XOM,D,20150501,000000,87.8000000,88.9400000,87.7100000,88.8500000,915625
US1.XOM,D,20150504,000000,89.4200000,89.8700000,88.9500000,89.0700000,616739
US1.XOM,D,20150505,000000,89.9100000,90.0800000,88.5200000,88.6500000,955680
US1.XOM,D,20150506,000000,89.6800000,89.7900000,87.7950000,88.1900000,1041191
US1.XOM,D,20150507,000000,88.0000000,88.1000000,86.9300000,87.5950000,701304
US1.XOM,D,20150508,000000,88.4700000,89.0700000,87.8300000,89.0100000,646385
US1.XOM,D,20150511,000000,88.5300000,88.5700000,86.6500000,86.7500000,650460
US1.XOM,D,20150512,000000,86.8900000,87.4550000,86.4500000,86.9950000,657587
US1.XOM,D,20150513,000000,87.1900000,87.7200000,86.4100000,86.5700000,586644
US1.XOM,D,20150514,000000,86.9300000,87.3350000,86.7500000,86.9700000,584749
US1.XOM,D,20150515,000000,86.7600000,87.6200000,86.6100000,87.3400000,456047
US1.XOM,D,20150518,000000,87.2400000,87.4600000,86.7800000,86.8200000,353144
US1.XOM,D,20150519,000000,86.5050000,87.2100000,86.2200000,86.9800000,686063
US1.XOM,D,20150520,000000,87.2400000,87.4000000,86.9200000,87.1200000,426787
US1.XOM,D,20150521,000000,87.3000000,87.4350000,86.9700000,87.2300000,474704
US1.XOM,D,20150522,000000,86.9100000,87.1000000,86.5000000,86.5300000,396241
US1.XOM,D,20150526,000000,86.0400000,86.1700000,85.0300000,85.3950000,657418
US1.XOM,D,20150527,000000,85.4100000,85.8800000,84.7700000,85.1450000,644934
US1.XOM,D,20150528,000000,85.0200000,85.5700000,84.8300000,85.1200000,536218
US1.XOM,D,20150529,000000,85.0400000,85.5700000,84.8900000,85.4600000,659200
US1.XOM,D,20150601,000000,85.2500000,85.4400000,84.8100000,85.1100000,416587
US1.XOM,D,20150602,000000,85.1000000,85.5900000,84.9200000,85.1500000,538939
US1.XOM,D,20150603,000000,85.2100000,85.8200000,84.8700000,84.9700000,428857
US1.XOM,D,20150604,000000,84.7000000,84.8800000,83.7900000,84.2500000,798714
US1.XOM,D,20150605,000000,84.1300000,84.9950000,84.0200000,84.2650000,628266
US1.XOM,D,20150608,000000,84.1000000,85.2000000,83.9500000,84.8500000,780921
US1.XOM,D,20150609,000000,85.2900000,85.4100000,84.5000000,84.5500000,382840
US1.XOM,D,20150610,000000,85.8900000,85.9600000,85.0000000,85.2700000,472522
US1.XOM,D,20150611,000000,85.3000000,85.6900000,84.8900000,85.0900000,419247
US1.XOM,D,20150612,000000,84.6400000,84.6500000,83.8600000,84.0200000,496042
US1.XOM,D,20150615,000000,83.5100000,83.9800000,83.2000000,83.7500000,536912
US1.XOM,D,20150616,000000,83.7800000,84.7400000,83.4100000,84.6900000,508842
US1.XOM,D,20150617,000000,85.0500000,85.1100000,84.4200000,84.7100000,529765
US1.XOM,D,20150618,000000,84.9300000,85.9600000,84.8950000,85.4500000,699405
US1.XOM,D,20150619,000000,84.9200000,85.4700000,84.9200000,85.3050000,647145
US1.XOM,D,20150622,000000,85.4000000,85.5900000,84.9800000,85.1000000,576617
US1.XOM,D,20150623,000000,85.2500000,85.2700000,84.6000000,85.1000000,554809
US1.XOM,D,20150624,000000,84.8700000,85.3300000,84.6650000,84.6800000,515021
US1.XOM,D,20150625,000000,84.7800000,84.8400000,83.9500000,83.9500000,627919
US1.XOM,D,20150626,000000,83.8300000,84.1000000,83.4900000,83.9100000,932478
US1.XOM,D,20150629,000000,83.0000000,83.4300000,82.8300000,82.8600000,706435
US1.XOM,D,20150630,000000,83.6500000,84.8000000,82.8000000,83.4600000,787711
US1.XOM,D,20150701,000000,83.2200000,83.5300000,82.1100000,82.3900000,719221
US1.XOM,D,20150702,000000,82.7900000,83.2750000,82.5900000,83.1650000,481632
US1.XOM,D,20150706,000000,82.4000000,83.0600000,82.1200000,82.4750000,681888
US1.XOM,D,20150707,000000,82.2600000,83.2200000,81.6100000,82.8500000,748513
US1.XOM,D,20150708,000000,82.2500000,82.9800000,81.9100000,81.9500000,1077896
US1.XOM,D,20150709,000000,82.8700000,83.1100000,81.5800000,81.5800000,681458
US1.XOM,D,20150710,000000,82.1500000,82.4900000,81.7300000,82.2350000,564936
US1.XOM,D,20150713,000000,82.1300000,82.6000000,82.0700000,82.4300000,467425
US1.XOM,D,20150714,000000,82.7600000,83.3200000,82.6200000,83.1000000,582430
US1.XOM,D,20150715,000000,82.5400000,83.4100000,82.4100000,82.7600000,564816
US1.XOM,D,20150716,000000,83.1900000,83.4800000,82.8100000,82.8800000,566922
US1.XOM,D,20150717,000000,82.5600000,82.8400000,81.8000000,82.6050000,880955
US1.XOM,D,20150720,000000,82.3100000,82.3500000,81.6100000,81.7800000,461781
US1.XOM,D,20150721,000000,81.9000000,82.4100000,81.4300000,81.6300000,431733
US1.XOM,D,20150722,000000,82.2900000,82.4700000,81.5900000,81.7800000,680475
US1.XOM,D,20150723,000000,81.7100000,81.9700000,80.9900000,81.1000000,577655
US1.XOM,D,20150724,000000,80.9300000,81.0100000,79.7300000,79.9700000,626924
US1.XOM,D,20150727,000000,79.1800000,80.1300000,79.0000000,79.2800000,944166
US1.XOM,D,20150728,000000,79.7300000,82.6650000,79.5700000,82.4900000,1071664
US1.XOM,D,20150729,000000,82.2400000,83.1950000,81.9600000,83.1400000,669247
US1.XOM,D,20150730,000000,83.1100000,83.3000000,82.4400000,83.0900000,596388
US1.XOM,D,20150731,000000,81.5400000,81.6500000,78.9400000,79.2500000,1161457
US1.XOM,D,20150803,000000,78.6500000,78.8700000,77.6500000,78.0600000,643520
US1.XOM,D,20150804,000000,77.9600000,78.6100000,76.9400000,77.1200000,595605
US1.XOM,D,20150805,000000,77.8700000,78.2300000,76.9000000,77.1400000,638203
US1.XOM,D,20150806,000000,76.9500000,78.2500000,76.9250000,78.1200000,504191
US1.XOM,D,20150807,000000,77.5300000,77.9600000,76.6300000,76.8400000,466333
US1.XOM,D,20150810,000000,77.3500000,78.7500000,77.2200000,78.7400000,472775
US1.XOM,D,20150811,000000,77.0900000,78.0200000,76.3300000,77.4900000,549619
US1.XOM,D,20150812,000000,77.3600000,78.8700000,76.9800000,78.8150000,475774
US1.XOM,D,20150813,000000,78.2900000,79.2800000,78.2700000,78.6300000,682231
US1.XOM,D,20150814,000000,78.6100000,79.2500000,78.2600000,78.3700000,417183
US1.XOM,D,20150817,000000,77.9200000,79.1750000,77.4800000,78.7800000,647424
US1.XOM,D,20150818,000000,78.5000000,78.6200000,77.5850000,77.9000000,644516
US1.XOM,D,20150819,000000,77.5300000,77.5300000,75.9400000,76.2300000,765040
US1.XOM,D,20150820,000000,76.0200000,76.1800000,74.5800000,74.5800000,516058
US1.XOM,D,20150821,000000,74.3100000,74.7800000,73.1700000,73.1800000,343996
US1.XOM,D,20150824,000000,67.9300000,71.3000000,66.5600000,69.3500000,1249041
US1.XOM,D,20150826,000000,70.5500000,72.7300000,69.2000000,72.4900000,2065273
US1.XOM,D,20150827,000000,73.7500000,74.8500000,73.0200000,74.8500000,1315623
US1.XOM,D,20150828,000000,74.7400000,75.9700000,74.4300000,75.0100000,1013726
US1.XOM,D,20150831,000000,74.2700000,75.5200000,73.4800000,75.2900000,934298
US1.XOM,D,20150901,000000,73.2600000,73.2800000,71.7000000,71.7100000,1080811
US1.XOM,D,20150902,000000,72.1600000,73.2200000,72.1400000,73.1900000,603028
US1.XOM,D,20150903,000000,73.6300000,74.9000000,73.3400000,73.7900000,610630
US1.XOM,D,20150904,000000,72.8800000,73.1000000,72.2500000,72.5000000,710809
US1.XOM,D,20150908,000000,73.5200000,73.6300000,72.9800000,73.4250000,595942
US1.XOM,D,20150909,000000,74.3700000,74.6400000,71.8600000,72.0100000,707647
US1.XOM,D,20150910,000000,72.7600000,72.9700000,71.8000000,72.5000000,648783
US1.XOM,D,20150911,000000,72.1100000,72.7100000,72.0100000,72.6950000,627567
US1.XOM,D,20150914,000000,72.2500000,72.5700000,71.7700000,72.4700000,683803
US1.XOM,D,20150915,000000,72.6600000,73.3100000,72.6300000,72.8700000,672747
US1.XOM,D,20150916,000000,73.4300000,74.6900000,73.3800000,74.2800000,829133
US1.XOM,D,20150917,000000,74.4100000,75.4700000,73.8600000,74.3700000,672053
US1.XOM,D,20150918,000000,72.9500000,73.2000000,72.1900000,72.6200000,478184
US1.XOM,D,20150921,000000,73.1600000,73.6000000,72.7400000,73.4200000,523171
US1.XOM,D,20150922,000000,72.5500000,73.3350000,72.0400000,72.7400000,646782
US1.XOM,D,20150923,000000,72.8800000,73.2000000,72.2900000,72.2900000,794619
US1.XOM,D,20150924,000000,72.0200000,73.1500000,71.7400000,72.8900000,754120
US1.XOM,D,20150925,000000,73.2100000,73.5300000,72.7650000,73.2500000,1014813
US1.XOM,D,20150928,000000,72.8100000,73.4550000,72.4900000,72.5850000,731443
US1.XOM,D,20150929,000000,72.6300000,73.1800000,72.1500000,73.0200000,900091
US1.XOM,D,20150930,000000,73.4000000,74.3450000,73.4000000,74.2550000,866978
US1.XOM,D,20151001,000000,75.2300000,75.5700000,73.3100000,74.0300000,893220
US1.XOM,D,20151002,000000,73.4800000,75.8800000,73.0400000,75.8600000,898189
US1.XOM,D,20151012,000000,79.5100000,79.5200000,78.7200000,79.3000000,602257
US1.XOM,D,20151013,000000,78.8100000,79.5400000,78.5100000,79.1800000,628815
US1.XOM,D,20151014,000000,78.9900000,80.4700000,78.8200000,80.1700000,896926
US1.XOM,D,20151015,000000,80.1400000,81.5300000,79.9400000,81.5000000,760498
US1.XOM,D,20151016,000000,82.2400000,82.5000000,81.4600000,82.5000000,630234
US1.XOM,D,20151019,000000,81.8450000,82.1400000,80.7600000,81.0000000,679757
US1.XOM,D,20151020,000000,80.4300000,81.0500000,80.2600000,80.8800000,598075
US1.XOM,D,20151021,000000,80.8600000,81.1400000,80.1600000,80.1600000,543420
US1.XOM,D,20151022,000000,80.6600000,82.9500000,80.6600000,82.9400000,776385
US1.XOM,D,20151023,000000,82.2200000,82.9900000,81.8950000,82.9700000,630780
US1.XOM,D,20151026,000000,82.6200000,82.7200000,81.1800000,81.2300000,513169
US1.XOM,D,20151027,000000,80.5600000,81.1500000,79.7500000,81.1200000,754845
US1.XOM,D,20151028,000000,81.3100000,82.5700000,80.9500000,82.2700000,644145
US1.XOM,D,20151029,000000,81.7900000,83.2100000,81.7900000,82.2400000,544494
US1.XOM,D,20151030,000000,82.2700000,83.8750000,81.2900000,82.8350000,635525
US1.XOM,D,20151102,000000,82.2100000,85.9200000,82.1000000,85.2700000,1041123
US1.XOM,D,20151103,000000,85.5800000,87.4300000,85.5800000,86.8550000,741537
US1.XOM,D,20151104,000000,86.8400000,87.0600000,85.7000000,86.0000000,427192
US1.XOM,D,20151105,000000,85.5800000,86.2300000,84.5300000,84.8200000,406790
US1.XOM,D,20151106,000000,83.9500000,84.4700000,83.2200000,84.3350000,457889
US1.XOM,D,20151109,000000,83.3800000,83.5800000,81.8000000,81.9600000,476146
US1.XOM,D,20151110,000000,81.9200000,82.6000000,81.8700000,82.2700000,535398
US1.XOM,D,20151111,000000,82.4100000,82.5500000,81.4100000,81.6000000,509917
US1.XOM,D,20151112,000000,80.5500000,81.2800000,79.3200000,79.3500000,770456
US1.XOM,D,20151113,000000,79.3300000,79.5500000,77.9450000,78.0700000,727064
US1.XOM,D,20151116,000000,78.1400000,80.9800000,78.1300000,80.7500000,466945
US1.XOM,D,20151117,000000,80.6300000,80.8600000,79.6350000,79.9450000,552417
US1.XOM,D,20151118,000000,80.0900000,80.8800000,79.6000000,80.7400000,554756
US1.XOM,D,20151119,000000,80.5300000,80.7700000,80.0400000,80.2400000,445701
US1.XOM,D,20151120,000000,80.5000000,80.9400000,79.6600000,79.7300000,630200
US1.XOM,D,20151123,000000,79.5900000,80.7000000,79.0800000,80.3100000,728758
US1.XOM,D,20151124,000000,80.4900000,82.3400000,80.2200000,81.9100000,795220
US1.XOM,D,20151125,000000,81.3000000,82.1700000,81.1100000,81.2800000,510070
US1.XOM,D,20151127,000000,80.6200000,81.2400000,80.4700000,81.2300000,228781
US1.XOM,D,20151130,000000,81.2700000,82.6400000,81.2600000,81.7900000,694744
US1.XOM,D,20151201,000000,81.7900000,82.1200000,81.2800000,81.9550000,467050
US1.XOM,D,20151202,000000,81.4000000,81.6400000,79.4650000,79.5900000,715450
US1.XOM,D,20151203,000000,79.6900000,79.7600000,78.0300000,78.3900000,680985
US1.XOM,D,20151204,000000,77.4300000,78.9700000,77.0400000,78.8000000,677683
US1.XOM,D,20151207,000000,77.3800000,77.4800000,75.7600000,76.8100000,891504
US1.XOM,D,20151208,000000,75.2300000,76.3500000,73.7900000,74.6100000,1084733
US1.XOM,D,20151209,000000,74.7300000,77.1900000,74.7300000,75.6100000,1016538
US1.XOM,D,20151210,000000,75.9200000,77.4900000,75.5200000,75.9500000,1079623
US1.XOM,D,20151211,000000,74.7900000,75.5300000,74.3900000,74.5050000,843213
US1.XOM,D,20151214,000000,74.1800000,76.1800000,74.0900000,76.1700000,912455
US1.XOM,D,20151215,000000,77.4000000,79.5900000,77.4000000,79.5600000,1348735
US1.XOM,D,20151216,000000,79.0800000,79.6100000,78.0000000,79.1400000,916655
US1.XOM,D,20151217,000000,79.1000000,79.2200000,77.9600000,77.9600000,866813
US1.XOM,D,20151218,000000,77.5800000,78.7700000,77.0800000,77.3000000,1091686
US1.XOM,D,20151221,000000,77.8100000,78.0900000,76.6650000,77.2500000,593037
US1.XOM,D,20151222,000000,77.7600000,77.8800000,77.2100000,77.6200000,560808
US1.XOM,D,20151223,000000,78.7100000,80.2100000,78.4100000,80.1900000,635613
US1.XOM,D,20151224,000000,80.1300000,80.2500000,79.1300000,79.3000000,228687
US1.XOM,D,20151228,000000,78.1000000,78.8500000,77.9200000,78.7500000,319577
US1.XOM,D,20151229,000000,80.0000000,80.0300000,78.8500000,79.1500000,547775
US1.XOM,D,20151230,000000,78.2100000,78.9900000,77.9800000,78.1400000,583435
US1.XOM,D,20151231,000000,77.5100000,78.4200000,77.4300000,77.9900000,451896
