<TICKER>,<PER>,<DATE>,<TIME>,<OPEN>,<HIGH>,<LOW>,<CLOSE>,<VOL>
US1.GE,D,20100104,000000,15.2200000,15.6400000,15.1500000,15.4500000,40860021
US1.GE,D,20100105,000000,15.4600000,15.6700000,15.4500000,15.5300000,40889489
US1.GE,D,20100106,000000,15.5300000,15.6200000,15.4400000,15.4500000,33094462
US1.GE,D,20100107,000000,15.4500000,16.5600000,15.4300000,16.2500000,127749456
US1.GE,D,20100108,000000,16.3200000,16.6900000,16.2700000,16.6000000,65127696
US1.GE,D,20100111,000000,16.8600000,16.8700000,16.5400000,16.7600000,43059988
US1.GE,D,20100112,000000,16.5900000,16.8350000,16.5800000,16.7700000,31786579
US1.GE,D,20100113,000000,16.7600000,16.9200000,16.5700000,16.8300000,33860537
US1.GE,D,20100114,000000,16.8125000,16.8700000,16.6800000,16.7000000,29934676
US1.GE,D,20100115,000000,16.6800000,16.7500000,16.3500000,16.4400000,29766554
US1.GE,D,20100119,000000,16.3500000,16.7500000,16.3400000,16.5400000,29122910
US1.GE,D,20100120,000000,16.5050000,16.6817000,16.3300000,16.5000000,26389550
US1.GE,D,20100121,000000,16.4500000,16.4700000,15.9500000,16.0200000,25755144
US1.GE,D,20100122,000000,16.5100000,16.7500000,16.0900000,16.1100000,45528217
US1.GE,D,20100125,000000,16.4900000,16.5300000,16.2300000,16.3700000,33562736
US1.GE,D,20100126,000000,16.3501000,16.7000000,16.2601000,16.3500000,32200759
US1.GE,D,20100127,000000,16.2900000,16.3900000,16.0400000,16.3000000,24285506
US1.GE,D,20100128,000000,16.4200000,16.4500000,16.0100000,16.1600000,26495405
US1.GE,D,20100129,000000,16.2400000,16.5000000,16.0700000,16.0800000,24542137
US1.GE,D,20100201,000000,16.2200000,16.3400000,16.1000000,16.2500000,27865605
US1.GE,D,20100202,000000,16.2700000,16.9500000,16.2400000,16.8500000,63018666
US1.GE,D,20100203,000000,16.8000000,17.0300000,16.6200000,16.6800000,32442131
US1.GE,D,20100204,000000,16.4800000,16.4900000,16.0100000,16.0400000,37814629
US1.GE,D,20100205,000000,16.0400000,16.1800000,15.2500000,15.7900000,40127814
US1.GE,D,20100208,000000,15.7900000,15.8400000,15.4700000,15.6000000,31337723
US1.GE,D,20100209,000000,15.7600000,15.8800000,15.4300000,15.6000000,35340817
US1.GE,D,20100210,000000,15.6000000,15.8600000,15.5000000,15.6900000,29000199
US1.GE,D,20100211,000000,15.6400000,15.7800000,15.4800000,15.7700000,28352733
US1.GE,D,20100212,000000,15.6000000,15.6000000,15.3500000,15.5500000,33424701
US1.GE,D,20100216,000000,15.6800000,16.1200000,15.6800000,16.0400000,56936329
US1.GE,D,20100217,000000,16.1800000,16.2200000,16.0600000,16.1500000,29165038
US1.GE,D,20100218,000000,16.1100000,16.2900000,16.0800000,16.2400000,21439551
US1.GE,D,20100219,000000,16.1400000,16.2500000,16.0000000,16.1700000,31298692
US1.GE,D,20100222,000000,16.2100000,16.3400000,16.1600000,16.2500000,25638469
US1.GE,D,20100223,000000,16.1800000,16.3200000,15.8600000,15.9500000,41595183
US1.GE,D,20100224,000000,15.9900000,16.1400000,15.8800000,16.1200000,27797556
US1.GE,D,20100225,000000,15.7600000,15.9500000,15.7100000,15.9200000,22167952
US1.GE,D,20100226,000000,15.9900000,16.1450000,15.9500000,16.0600000,30580814
US1.GE,D,20100301,000000,16.0900000,16.1500000,15.8300000,15.9000000,34931008
US1.GE,D,20100302,000000,15.9050000,15.9500000,15.8300000,15.9000000,26749185
US1.GE,D,20100303,000000,15.9900000,16.2900000,15.9500000,16.0300000,41031594
US1.GE,D,20100304,000000,16.0600000,16.1500000,15.9700000,16.1100000,26290508
US1.GE,D,20100305,000000,16.1900000,16.3700000,16.1500000,16.3500000,36652862
US1.GE,D,20100308,000000,16.3800000,16.4600000,16.2400000,16.2700000,31476025
US1.GE,D,20100309,000000,16.2800000,16.6200000,16.2500000,16.4900000,41554934
US1.GE,D,20100310,000000,16.4900000,16.6100000,16.4167000,16.5100000,30231954
US1.GE,D,20100311,000000,16.5000000,16.5500000,16.3200000,16.4800000,36808144
US1.GE,D,20100312,000000,16.5900000,17.0600000,16.5000000,17.0400000,70093922
US1.GE,D,20100315,000000,17.0200000,17.3500000,16.9400000,17.2900000,63698079
US1.GE,D,20100316,000000,17.4900000,18.1600000,17.4500000,18.0700000,117586395
US1.GE,D,20100317,000000,18.3000000,18.4000000,17.9700000,18.0400000,80542751
US1.GE,D,20100318,000000,18.0900000,18.2600000,17.9100000,18.1900000,42506072
US1.GE,D,20100319,000000,18.3100000,18.3300000,17.9300000,18.0700000,45893566
US1.GE,D,20100322,000000,17.8500000,18.1300000,17.8000000,18.0700000,33156464
US1.GE,D,20100323,000000,18.1500000,18.4500000,18.1500000,18.3300000,47827774
US1.GE,D,20100324,000000,18.3600000,18.9300000,18.2693000,18.4500000,59027468
US1.GE,D,20100325,000000,18.7000000,18.7500000,18.2600000,18.3000000,36246708
US1.GE,D,20100326,000000,18.3500000,18.6300000,18.1800000,18.3400000,36767864
US1.GE,D,20100329,000000,18.5200000,18.5600000,18.2450000,18.4000000,43891438
US1.GE,D,20100330,000000,18.4600000,18.4800000,18.2500000,18.3000000,26897317
US1.GE,D,20100331,000000,18.2100000,18.3600000,18.1300000,18.2000000,28855246
US1.GE,D,20100401,000000,18.2900000,18.4000000,18.1800000,18.3300000,22145359
US1.GE,D,20100405,000000,18.4300000,18.6500000,18.3300000,18.5300000,39272801
US1.GE,D,20100406,000000,18.4500000,18.6500000,18.4100000,18.6000000,33104153
US1.GE,D,20100407,000000,18.5800000,18.7400000,18.3900000,18.5000000,23429858
US1.GE,D,20100408,000000,18.3700000,18.6500000,18.2500000,18.5600000,33249654
US1.GE,D,20100409,000000,18.6000000,18.6700000,18.4000000,18.5200000,28827745
US1.GE,D,20100412,000000,18.5700000,18.9800000,18.5400000,18.7100000,45231096
US1.GE,D,20100413,000000,18.7700000,19.1300000,18.7200000,18.9500000,49594134
US1.GE,D,20100414,000000,19.1910000,19.4000000,19.1300000,19.3500000,38498350
US1.GE,D,20100415,000000,19.4400000,19.6900000,19.3700000,19.5000000,56078133
US1.GE,D,20100416,000000,19.4400000,19.4400000,18.6500000,18.9700000,49226022
US1.GE,D,20100419,000000,18.7900000,18.9700000,18.6600000,18.9400000,30697770
US1.GE,D,20100420,000000,19.0500000,19.2000000,18.9800000,19.0000000,31448917
US1.GE,D,20100421,000000,19.0900000,19.1800000,18.8900000,19.0300000,24689748
US1.GE,D,20100422,000000,18.9200000,19.0100000,18.6100000,18.9500000,31496197
US1.GE,D,20100423,000000,18.8600000,19.1000000,18.8000000,19.0700000,28147450
US1.GE,D,20100426,000000,19.1900000,19.3700000,19.1000000,19.3000000,31325251
US1.GE,D,20100427,000000,19.2350000,19.4900000,18.5900000,18.7000000,33808148
US1.GE,D,20100428,000000,18.6800000,19.0800000,18.6500000,18.9500000,29387420
US1.GE,D,20100429,000000,19.0500000,19.4900000,19.0300000,19.4900000,29348276
US1.GE,D,20100430,000000,19.4400000,19.7000000,18.7900000,18.8600000,42449680
US1.GE,D,20100503,000000,18.9700000,19.3400000,18.9600000,19.2600000,29436398
US1.GE,D,20100504,000000,19.0300000,19.0300000,18.3575000,18.5800000,29278990
US1.GE,D,20100505,000000,18.2400000,18.4800000,17.9300000,18.1000000,33352480
US1.GE,D,20100506,000000,18.0000000,18.1100000,15.4000000,17.3483000,27913774
US1.GE,D,20100507,000000,17.4700000,17.6800000,16.5200000,16.8800000,28932785
US1.GE,D,20100510,000000,18.0500000,18.3600000,17.8800000,18.0400000,37214875
US1.GE,D,20100511,000000,17.8600000,18.3350000,17.8200000,18.0000000,24132812
US1.GE,D,20100512,000000,18.2100000,18.5000000,18.0700000,18.4400000,25046412
US1.GE,D,20100513,000000,18.4300000,18.4300000,17.9600000,18.0500000,21938551
US1.GE,D,20100514,000000,17.9000000,18.0400000,17.4150000,17.6300000,20527438
US1.GE,D,20100517,000000,17.6100000,17.7100000,17.0900000,17.5600000,20918133
US1.GE,D,20100518,000000,17.7200000,17.8700000,17.0500000,17.2300000,72653210
US1.GE,D,20100519,000000,17.0700000,17.3700000,16.7500000,17.2600000,113968130
US1.GE,D,20100520,000000,16.8100000,16.8200000,16.2500000,16.2600000,30160540
US1.GE,D,20100521,000000,15.7000000,16.4300000,15.6500000,16.4200000,135095454
US1.GE,D,20100524,000000,16.3200000,16.3900000,15.9700000,16.0100000,72151339
US1.GE,D,20100525,000000,15.5100000,15.9700000,15.2500000,15.9500000,115249204
US1.GE,D,20100526,000000,16.3400000,16.4900000,15.9700000,16.0100000,69304567
US1.GE,D,20100527,000000,16.4200000,16.6800000,16.1400000,16.6600000,62250444
US1.GE,D,20100528,000000,16.6600000,16.6900000,16.1600000,16.3500000,59900602
US1.GE,D,20100601,000000,16.2400000,16.5100000,15.2400000,15.9800000,63377256
US1.GE,D,20100602,000000,16.1600000,16.3900000,15.9500000,16.3500000,57826998
US1.GE,D,20100603,000000,16.4100000,16.4800000,16.2300000,16.4500000,49316778
US1.GE,D,20100604,000000,16.0600000,16.0700000,15.5600000,15.7100000,101520670
US1.GE,D,20100607,000000,15.7300000,15.7500000,15.3700000,15.4100000,66082076
US1.GE,D,20100608,000000,15.4600000,15.5500000,15.0500000,15.4800000,76190803
US1.GE,D,20100609,000000,15.5800000,15.7000000,15.2200000,15.3150000,57233291
US1.GE,D,20100610,000000,15.5900000,15.8700000,15.5200000,15.6800000,74705308
US1.GE,D,20100611,000000,15.5400000,15.6100000,15.3700000,15.5600000,66548684
US1.GE,D,20100614,000000,15.7700000,15.8800000,15.3500000,15.3900000,68022617
US1.GE,D,20100615,000000,15.5200000,15.8500000,15.3600000,15.7850000,74775319
US1.GE,D,20100616,000000,15.7100000,16.0900000,15.6200000,15.8500000,83427022
US1.GE,D,20100617,000000,15.8700000,15.9300000,15.6500000,15.9000000,49507115
US1.GE,D,20100618,000000,16.0000000,16.0500000,15.8600000,15.9500000,56552413
US1.GE,D,20100621,000000,16.2000000,16.4500000,16.0300000,16.1000000,68108639
US1.GE,D,20100622,000000,16.1000000,16.1700000,15.7700000,15.7900000,61006252
US1.GE,D,20100623,000000,15.7536000,15.8900000,15.3700000,15.3900000,89593662
US1.GE,D,20100624,000000,15.3600000,15.4500000,15.0027000,15.0800000,88310038
US1.GE,D,20100625,000000,15.1100000,15.1500000,14.8200000,14.9100000,101261317
US1.GE,D,20100628,000000,14.9400000,15.2050000,14.9100000,15.0000000,55064194
US1.GE,D,20100629,000000,14.7400000,14.7900000,14.2700000,14.4800000,99431562
US1.GE,D,20100630,000000,14.4700000,14.6900000,14.3500000,14.4200000,72775387
US1.GE,D,20100701,000000,14.3200000,14.4300000,13.8700000,14.1200000,89858961
US1.GE,D,20100702,000000,14.1600000,14.2600000,13.7500000,13.8800000,72477985
US1.GE,D,20100706,000000,14.1100000,14.3143000,13.8100000,13.9700000,71792422
US1.GE,D,20100707,000000,13.9900000,14.6600000,13.9600000,14.6200000,83167903
US1.GE,D,20100708,000000,14.8700000,15.1700000,14.5700000,14.8300000,79241769
US1.GE,D,20100709,000000,14.9500000,14.9900000,14.7500000,14.9500000,42773369
US1.GE,D,20100712,000000,14.9000000,14.9900000,14.7800000,14.9300000,35065749
US1.GE,D,20100713,000000,15.2100000,15.3500000,15.1600000,15.2100000,53942773
US1.GE,D,20100714,000000,15.2600000,15.3000000,15.0600000,15.2000000,41243693
US1.GE,D,20100715,000000,15.1700000,15.2800000,14.8796000,15.2500000,71520946
US1.GE,D,20100716,000000,15.0000000,15.0600000,14.5000000,14.5500000,112693575
US1.GE,D,20100719,000000,14.6400000,14.7400000,14.4700000,14.6200000,45753054
US1.GE,D,20100720,000000,14.3700000,15.0100000,14.3700000,14.9400000,61372478
US1.GE,D,20100721,000000,15.1100000,15.2000000,14.6400000,14.8400000,55693777
US1.GE,D,20100722,000000,15.0800000,15.2900000,14.9700000,15.2100000,58228499
US1.GE,D,20100723,000000,15.2100000,15.8500000,15.0300000,15.7100000,94345678
US1.GE,D,20100726,000000,15.9000000,16.1600000,15.7000000,16.1400000,76280302
US1.GE,D,20100727,000000,16.3000000,16.5700000,16.1000000,16.1800000,64127686
US1.GE,D,20100728,000000,16.1000000,16.1800000,15.9500000,16.0500000,49270451
US1.GE,D,20100729,000000,16.1500000,16.2400000,15.9400000,16.1500000,61803160
US1.GE,D,20100730,000000,15.9200000,16.2400000,15.9100000,16.1200000,53153125
US1.GE,D,20100802,000000,16.3200000,16.4700000,16.3100000,16.4100000,64103790
US1.GE,D,20100803,000000,16.3900000,16.5200000,16.3600000,16.4000000,52696741
US1.GE,D,20100804,000000,16.4100000,16.5100000,16.3700000,16.4800000,44202482
US1.GE,D,20100805,000000,16.3500000,16.5400000,16.2700000,16.5200000,45801411
US1.GE,D,20100806,000000,16.3200000,16.4500000,16.0900000,16.4500000,53520558
US1.GE,D,20100809,000000,16.4300000,16.4600000,16.3000000,16.3800000,38038505
US1.GE,D,20100810,000000,16.1900000,16.3400000,15.9571000,16.2500000,47791896
US1.GE,D,20100811,000000,15.9800000,16.0300000,15.5400000,15.7000000,73354152
US1.GE,D,20100812,000000,15.4200000,15.6800000,15.3400000,15.4950000,55363295
US1.GE,D,20100813,000000,15.3400000,15.5200000,15.3400000,15.3800000,39913837
US1.GE,D,20100816,000000,15.2900000,15.4900000,15.1500000,15.4600000,55068410
US1.GE,D,20100817,000000,15.6600000,15.7400000,15.5000000,15.5800000,46759107
US1.GE,D,20100818,000000,15.5700000,15.7400000,15.5100000,15.7000000,38818459
US1.GE,D,20100819,000000,15.5600000,15.6400000,15.0500000,15.2500000,71767983
US1.GE,D,20100820,000000,15.1300000,15.1740000,14.8900000,15.0300000,63810088
US1.GE,D,20100823,000000,15.1900000,15.2700000,14.8500000,14.8900000,52513347
US1.GE,D,20100824,000000,14.7300000,14.7400000,14.4100000,14.5700000,78914742
US1.GE,D,20100825,000000,14.4600000,14.6800000,14.2500000,14.5700000,65280262
US1.GE,D,20100826,000000,14.6500000,14.8100000,14.4400000,14.5000000,56314972
US1.GE,D,20100827,000000,14.6100000,14.7600000,14.3700000,14.7100000,42690757
US1.GE,D,20100830,000000,14.6700000,14.7200000,14.5100000,14.5200000,33915714
US1.GE,D,20100831,000000,14.3700000,14.5800000,14.3100000,14.4800000,50260523
US1.GE,D,20100901,000000,14.7300000,15.1000000,14.6000000,15.0100000,72436237
US1.GE,D,20100902,000000,15.1000000,15.2000000,14.9400000,15.1500000,52209881
US1.GE,D,20100903,000000,15.3900000,15.5600000,15.2000000,15.3925000,59649659
US1.GE,D,20100907,000000,15.2800000,15.5000000,15.2100000,15.4400000,47511168
US1.GE,D,20100908,000000,15.3900000,15.7900000,15.3200000,15.7000000,68614997
US1.GE,D,20100909,000000,15.9100000,16.0000000,15.8200000,15.9100000,58610152
US1.GE,D,20100910,000000,15.9600000,16.0800000,15.8100000,15.9800000,45499918
US1.GE,D,20100913,000000,16.1900000,16.3100000,16.0500000,16.2400000,47782155
US1.GE,D,20100914,000000,16.1800000,16.2800000,16.1100000,16.1600000,45235462
US1.GE,D,20100915,000000,16.0700000,16.4700000,15.9700000,16.3400000,58676315
US1.GE,D,20100916,000000,16.1800000,16.3100000,16.1100000,16.2300000,45238714
US1.GE,D,20100917,000000,16.3100000,16.4200000,16.0800000,16.2900000,68651817
US1.GE,D,20100920,000000,16.2600000,16.6000000,16.2300000,16.5500000,44931386
US1.GE,D,20100921,000000,16.5200000,16.7000000,16.4200000,16.5200000,48406983
US1.GE,D,20100922,000000,16.5100000,16.6700000,16.4000000,16.5000000,44149931
US1.GE,D,20100923,000000,16.2700000,16.3900000,16.0500000,16.1400000,49667628
US1.GE,D,20100924,000000,16.3400000,16.6600000,16.3000000,16.6600000,80231715
US1.GE,D,20100927,000000,16.6500000,16.6500000,16.4000000,16.4300000,38978566
US1.GE,D,20100928,000000,16.4300000,16.5200000,16.1400000,16.4400000,50377132
US1.GE,D,20100929,000000,16.3400000,16.4600000,16.2400000,16.3600000,41942018
US1.GE,D,20100930,000000,16.4600000,16.6900000,16.1500000,16.2500000,52420614
US1.GE,D,20101001,000000,16.3800000,16.5300000,16.2600000,16.3600000,46017749
US1.GE,D,20101004,000000,16.3000000,16.3700000,16.0000000,16.1000000,43518498
US1.GE,D,20101005,000000,16.2500000,16.5800000,16.1900000,16.5100000,56531566
US1.GE,D,20101006,000000,16.4900000,17.0000000,16.4600000,16.9000000,70866493
US1.GE,D,20101007,000000,17.0000000,17.1200000,16.8500000,17.0500000,55589481
US1.GE,D,20101008,000000,17.1200000,17.2900000,17.0300000,17.1200000,47968160
US1.GE,D,20101011,000000,17.2500000,17.2600000,16.9200000,16.9600000,47899232
US1.GE,D,20101012,000000,16.9600000,17.3000000,16.9400000,17.1900000,60044364
US1.GE,D,20101013,000000,17.3000000,17.4900000,17.1800000,17.2800000,58156282
US1.GE,D,20101014,000000,17.3800000,17.3800000,16.9700000,17.1600000,55239045
US1.GE,D,20101015,000000,16.7800000,16.7801000,16.1500000,16.3000000,162770531
US1.GE,D,20101018,000000,16.2800000,16.3400000,16.1000000,16.2500000,66216071
US1.GE,D,20101019,000000,16.1400000,16.2600000,15.9800000,16.0700000,70065126
US1.GE,D,20101020,000000,16.1900000,16.2000000,15.8800000,16.0500000,65733511
US1.GE,D,20101021,000000,16.0900000,16.3700000,16.0200000,16.1000000,57175064
US1.GE,D,20101022,000000,16.1300000,16.2000000,16.0100000,16.0550000,30177165
US1.GE,D,20101025,000000,16.2500000,16.3200000,16.0600000,16.0600000,50597965
US1.GE,D,20101026,000000,16.0600000,16.3200000,16.0300000,16.1600000,47017871
US1.GE,D,20101027,000000,16.0600000,16.1400000,15.9900000,16.1100000,47432995
US1.GE,D,20101028,000000,16.2144000,16.2950000,16.0300000,16.0800000,42751138
US1.GE,D,20101029,000000,16.0700000,16.1300000,15.9800000,16.0200000,36099716
US1.GE,D,20101101,000000,16.0850000,16.1800000,15.8800000,15.9500000,49332159
US1.GE,D,20101102,000000,16.0000000,16.0700000,15.8900000,15.9400000,43825825
US1.GE,D,20101103,000000,15.9800000,16.1000000,15.8800000,16.0600000,59694980
US1.GE,D,20101104,000000,16.2000000,16.5900000,16.1800000,16.5100000,89141006
US1.GE,D,20101105,000000,16.5200000,16.8600000,16.5100000,16.7300000,65646686
US1.GE,D,20101108,000000,16.6200000,16.8400000,16.6200000,16.7100000,45107155
US1.GE,D,20101109,000000,16.8200000,16.8200000,16.5400000,16.6200000,46085247
US1.GE,D,20101110,000000,16.6400000,16.6700000,16.3700000,16.5500000,48767335
US1.GE,D,20101111,000000,16.4400000,16.5200000,16.2200000,16.3500000,43730446
US1.GE,D,20101112,000000,16.2300000,16.3900000,16.1100000,16.2500000,45993312
US1.GE,D,20101115,000000,16.2400000,16.4300000,16.1800000,16.2000000,37676919
US1.GE,D,20101116,000000,16.1400000,16.1600000,15.7600000,15.8485000,63812741
US1.GE,D,20101117,000000,15.8900000,15.9200000,15.7600000,15.8100000,34703893
US1.GE,D,20101118,000000,16.0100000,16.2000000,16.0000000,16.0400000,46290558
US1.GE,D,20101119,000000,16.0600000,16.2300000,15.9500000,16.2200000,47734496
US1.GE,D,20101122,000000,16.1300000,16.1400000,15.7800000,16.0300000,61472788
US1.GE,D,20101123,000000,15.8300000,15.8800000,15.6300000,15.7600000,50558522
US1.GE,D,20101124,000000,15.8100000,15.9800000,15.7900000,15.9400000,38979323
US1.GE,D,20101126,000000,15.7600000,15.8800000,15.7500000,15.8000000,16092238
US1.GE,D,20101129,000000,15.7300000,16.0500000,15.6800000,15.9700000,51222670
US1.GE,D,20101130,000000,15.7500000,15.9500000,15.7200000,15.8300000,53960342
US1.GE,D,20101201,000000,16.0300000,16.3000000,16.0300000,16.3000000,87173563
US1.GE,D,20101202,000000,16.2801000,16.6800000,16.2801000,16.6700000,71794177
US1.GE,D,20101203,000000,16.5500000,16.8000000,16.4600000,16.7800000,45216859
US1.GE,D,20101206,000000,16.7000000,16.8600000,16.6300000,16.7000000,57451862
US1.GE,D,20101207,000000,16.9200000,17.2800000,16.8800000,17.0300000,88215495
US1.GE,D,20101208,000000,17.0000000,17.1300000,16.8600000,17.0400000,42671302
US1.GE,D,20101209,000000,17.2000000,17.2300000,17.0600000,17.1300000,35866227
US1.GE,D,20101210,000000,17.2200000,17.8800000,17.2000000,17.7200000,118256740
US1.GE,D,20101213,000000,17.8800000,17.9000000,17.5500000,17.6200000,58066904
US1.GE,D,20101214,000000,17.6601000,17.8950000,17.5800000,17.6900000,69396708
US1.GE,D,20101215,000000,17.6400000,17.7100000,17.3700000,17.5100000,55522743
US1.GE,D,20101216,000000,17.5300000,17.8400000,17.4700000,17.7700000,50122038
US1.GE,D,20101217,000000,17.7300000,17.7700000,17.5700000,17.7000000,61570833
US1.GE,D,20101220,000000,17.7501000,17.8000000,17.6500000,17.7000000,37675751
US1.GE,D,20101221,000000,17.7700000,18.0000000,17.7400000,17.9000000,37543137
US1.GE,D,20101222,000000,17.8300000,18.0800000,17.8200000,18.0600000,41118630
US1.GE,D,20101223,000000,18.0000000,18.1500000,17.9800000,18.0400000,30198665
US1.GE,D,20101227,000000,17.9200000,18.2300000,17.9200000,18.1900000,32605411
US1.GE,D,20101228,000000,18.2150000,18.4100000,18.1600000,18.3200000,45616095
US1.GE,D,20101229,000000,18.3700000,18.4900000,18.2600000,18.2700000,33419663
US1.GE,D,20101230,000000,18.2800000,18.3500000,18.1600000,18.1900000,28384484
US1.GE,D,20101231,000000,18.1500000,18.3500000,18.1300000,18.2900000,26662839
US1.GE,D,20110103,000000,18.4900000,18.5000000,18.2900000,18.3600000,28801906
US1.GE,D,20110105,000000,18.5200000,18.7200000,18.4200000,18.6400000,117439699
US1.GE,D,20110106,000000,18.6500000,18.7200000,18.4200000,18.5600000,38549691
US1.GE,D,20110107,000000,18.5700000,18.6600000,18.2000000,18.4300000,46221280
US1.GE,D,20110110,000000,18.6000000,18.7500000,18.4600000,18.5100000,58798716
US1.GE,D,20110111,000000,18.7050000,18.8100000,18.5750000,18.6300000,42835639
US1.GE,D,20110112,000000,18.5700000,18.7300000,18.4800000,18.6700000,52008316
US1.GE,D,20110113,000000,18.7400000,18.8000000,18.5600000,18.6000000,42025786
US1.GE,D,20110114,000000,18.6100000,18.8400000,18.5500000,18.8175000,39641217
US1.GE,D,20110118,000000,18.9800000,18.9900000,18.5600000,18.6000000,67178484
US1.GE,D,20110119,000000,18.6199000,18.6350000,18.1900000,18.3300000,76929127
US1.GE,D,20110120,000000,18.4600000,18.5900000,18.1700000,18.4300000,63660425
US1.GE,D,20110121,000000,19.3300000,19.9700000,19.2500000,19.7400000,200448594
US1.GE,D,20110124,000000,19.9300000,20.1200000,19.7400000,20.0400000,95835589
US1.GE,D,20110125,000000,19.9800000,20.2800000,19.8000000,19.9800000,94355818
US1.GE,D,20110126,000000,20.1800000,20.2000000,19.9200000,19.9200000,65039609
US1.GE,D,20110127,000000,19.9600000,20.3300000,19.9000000,20.2800000,64481143
US1.GE,D,20110128,000000,20.3900000,20.7400000,20.1200000,20.2000000,98133993
US1.GE,D,20110131,000000,20.1300000,20.2900000,20.1000000,20.1400000,46661958
US1.GE,D,20110201,000000,20.3800000,20.9000000,20.3100000,20.8000000,75339444
US1.GE,D,20110202,000000,20.8500000,20.9600000,20.6500000,20.7100000,39067102
US1.GE,D,20110203,000000,20.6800000,20.7650000,20.4200000,20.7500000,39675389
US1.GE,D,20110204,000000,20.7900000,20.7900000,20.4000000,20.5600000,39167029
US1.GE,D,20110207,000000,20.7600000,21.0000000,20.7300000,20.8700000,43718835
US1.GE,D,20110208,000000,20.9600000,21.3100000,20.9100000,21.2800000,53236809
US1.GE,D,20110209,000000,21.2999000,21.4300000,21.0600000,21.3100000,59671077
US1.GE,D,20110210,000000,21.1700000,21.3100000,20.9400000,21.2700000,46780412
US1.GE,D,20110211,000000,21.0400000,21.4400000,21.0300000,21.3300000,39470197
US1.GE,D,20110214,000000,21.5000000,21.6500000,21.4500000,21.5000000,40788240
US1.GE,D,20110215,000000,21.4500000,21.4900000,21.2400000,21.4600000,39134629
US1.GE,D,20110216,000000,21.4200000,21.4900000,21.2510000,21.4400000,37627100
US1.GE,D,20110217,000000,21.2700000,21.5800000,21.2600000,21.5200000,34472565
US1.GE,D,20110218,000000,21.5350000,21.5700000,21.3000000,21.4400000,2492464
US1.GE,D,20110222,000000,20.9100000,21.2000000,20.6600000,20.8200000,4598720
US1.GE,D,20110223,000000,20.5200000,20.6900000,20.0800000,20.3700000,6200767
US1.GE,D,20110224,000000,20.1200000,20.6350000,20.1000000,20.5900000,1536994
US1.GE,D,20110225,000000,20.7000000,20.8750000,20.5050000,20.8450000,3158055
US1.GE,D,20110228,000000,20.9500000,21.0700000,20.8200000,20.9400000,2258310
US1.GE,D,20110301,000000,21.1200000,21.1700000,20.2400000,20.2400000,317649
US1.GE,D,20110302,000000,20.1800000,20.6400000,20.1600000,20.3200000,3661136
US1.GE,D,20110303,000000,20.8800000,20.9300000,20.7100000,20.7600000,3217169
US1.GE,D,20110304,000000,20.8500000,20.8500000,20.1900000,20.3700000,3839255
US1.GE,D,20110307,000000,20.4000000,20.5800000,20.0100000,20.4000000,4108603
US1.GE,D,20110308,000000,20.4300000,20.7900000,20.2600000,20.6200000,3781051
US1.GE,D,20110309,000000,20.5700000,20.7000000,20.3000000,20.6400000,3612033
US1.GE,D,20110310,000000,20.3000000,20.5300000,20.0400000,20.1000000,4722869
US1.GE,D,20110311,000000,19.9500000,20.3650000,19.9400000,20.3300000,3173348
US1.GE,D,20110314,000000,19.9600000,20.0900000,19.4500000,19.9200000,5455247
US1.GE,D,20110315,000000,19.6200000,19.6200000,19.6200000,19.6200000,200
US1.GE,D,20110316,000000,19.4200000,19.5100000,18.9400000,18.9400000,1228372
US1.GE,D,20110317,000000,19.2700000,19.5400000,19.0800000,19.2200000,1767071
US1.GE,D,20110318,000000,19.7400000,19.7450000,19.5400000,19.5500000,114387
US1.GE,D,20110324,000000,19.7800000,19.7800000,19.7800000,19.7800000,100
US1.GE,D,20110325,000000,19.8600000,19.9300000,19.6900000,19.7600000,2740257
US1.GE,D,20110328,000000,19.8100000,19.8800000,19.6600000,19.7400000,1874628
US1.GE,D,20110329,000000,19.6600000,19.9050000,19.5350000,19.8400000,1952385
US1.GE,D,20110330,000000,19.9800000,20.2750000,19.9300000,20.1050000,2969033
US1.GE,D,20110331,000000,20.0800000,20.1500000,19.9650000,20.0350000,2037756
US1.GE,D,20110401,000000,20.1400000,20.5000000,20.1200000,20.3450000,2329741
US1.GE,D,20110404,000000,20.7300000,20.7500000,20.4500000,20.5200000,2185709
US1.GE,D,20110405,000000,20.4800000,20.6300000,20.3050000,20.3350000,2450878
US1.GE,D,20110406,000000,20.5700000,20.6200000,20.3750000,20.5400000,2590804
US1.GE,D,20110407,000000,20.4900000,20.4900000,20.1950000,20.3500000,3115684
US1.GE,D,20110408,000000,20.4850000,20.5100000,20.0750000,20.1700000,3161966
US1.GE,D,20110411,000000,20.2350000,20.3700000,20.0900000,20.1700000,1932760
US1.GE,D,20110412,000000,20.0200000,20.1500000,19.8050000,20.0100000,3233872
US1.GE,D,20110413,000000,20.0600000,20.1100000,19.8700000,19.9300000,2578628
US1.GE,D,20110414,000000,19.8300000,20.0800000,19.6000000,20.0200000,2972701
US1.GE,D,20110415,000000,20.0500000,20.3000000,19.9900000,20.0450000,3068979
US1.GE,D,20110419,000000,19.9900000,20.3400000,19.9400000,20.2600000,4155862
US1.GE,D,20110420,000000,20.5200000,20.5400000,20.2800000,20.4100000,3590763
US1.GE,D,20110421,000000,20.7800000,20.7900000,19.7300000,19.9350000,6368997
US1.GE,D,20110425,000000,20.1400000,20.1400000,19.8900000,19.8950000,2830480
US1.GE,D,20110426,000000,20.0300000,20.3250000,20.0000000,20.0900000,2764946
US1.GE,D,20110427,000000,20.1900000,20.8450000,20.1500000,20.6500000,5648316
US1.GE,D,20110428,000000,20.6800000,20.7700000,20.4750000,20.6100000,2929572
US1.GE,D,20110429,000000,20.7200000,20.7300000,20.4000000,20.4500000,2586248
US1.GE,D,20110502,000000,20.7000000,20.7100000,20.4300000,20.4850000,1928220
US1.GE,D,20110503,000000,20.3600000,20.6500000,20.3500000,20.6350000,2227629
US1.GE,D,20110504,000000,20.5600000,20.6600000,20.1500000,20.2700000,3598680
US1.GE,D,20110505,000000,20.2200000,20.3000000,19.9000000,19.9000000,1542860
US1.GE,D,20110506,000000,20.1800000,20.2500000,19.9600000,20.0050000,2968099
US1.GE,D,20110509,000000,19.9650000,20.1100000,19.9050000,20.0700000,2003283
US1.GE,D,20110510,000000,20.1450000,20.4200000,20.1250000,20.3150000,2003073
US1.GE,D,20110511,000000,20.2100000,20.4100000,20.0050000,20.0800000,2215847
US1.GE,D,20110512,000000,20.0000000,20.1650000,19.9000000,20.1650000,1088750
US1.GE,D,20110513,000000,19.8750000,19.8800000,19.8650000,19.8800000,35920
US1.GE,D,20110516,000000,19.8250000,19.9900000,19.6800000,19.7600000,2018273
US1.GE,D,20110517,000000,19.6200000,19.7250000,19.4650000,19.5700000,2459890
US1.GE,D,20110518,000000,19.5700000,19.8600000,19.4100000,19.7650000,2562915
US1.GE,D,20110519,000000,19.8800000,20.0450000,19.8450000,19.9550000,2094787
US1.GE,D,20110520,000000,19.8750000,19.9200000,19.5800000,19.6200000,2318661
US1.GE,D,20110523,000000,19.3200000,19.4800000,19.1300000,19.3700000,2018895
US1.GE,D,20110524,000000,19.4300000,19.5200000,19.0550000,19.1050000,2040434
US1.GE,D,20110525,000000,19.0000000,19.3550000,18.9700000,19.2350000,2348702
US1.GE,D,20110526,000000,19.1500000,19.4900000,19.1300000,19.4250000,2117364
US1.GE,D,20110527,000000,19.4900000,19.5750000,19.4200000,19.4450000,1717450
US1.GE,D,20110531,000000,19.6800000,19.7200000,19.4800000,19.6200000,2289386
US1.GE,D,20110601,000000,19.4900000,19.5950000,19.1050000,19.1600000,4068803
US1.GE,D,20110602,000000,19.1600000,19.2750000,18.9400000,19.0900000,2261000
US1.GE,D,20110603,000000,18.8500000,18.9800000,18.7500000,18.8100000,2458117
US1.GE,D,20110606,000000,18.7000000,18.8000000,18.3900000,18.4700000,2913529
US1.GE,D,20110607,000000,18.5450000,18.6950000,18.4700000,18.5000000,2782403
US1.GE,D,20110608,000000,18.4900000,18.6700000,18.4000000,18.5100000,3099708
US1.GE,D,20110609,000000,18.5800000,18.7600000,18.5000000,18.5850000,1753458
US1.GE,D,20110610,000000,18.5050000,18.5200000,18.1400000,18.3300000,2960603
US1.GE,D,20110613,000000,18.3300000,18.5150000,18.2300000,18.3800000,2469189
US1.GE,D,20110614,000000,18.5500000,18.7450000,18.5050000,18.6050000,2091693
US1.GE,D,20110615,000000,18.5100000,18.6600000,18.3200000,18.4150000,3153567
US1.GE,D,20110616,000000,18.2100000,18.6100000,18.2000000,18.4250000,3053208
US1.GE,D,20110617,000000,18.6300000,18.6900000,18.3400000,18.4800000,2907514
US1.GE,D,20110620,000000,18.3300000,18.5500000,18.3100000,18.4800000,2492864
US1.GE,D,20110621,000000,18.5900000,18.9400000,18.5800000,18.8100000,3225159
US1.GE,D,20110622,000000,18.7000000,18.8050000,18.5650000,18.5750000,3227517
US1.GE,D,20110623,000000,18.3200000,18.3900000,18.0200000,18.3800000,3620660
US1.GE,D,20110624,000000,18.3750000,18.4300000,18.0000000,18.0000000,3282299
US1.GE,D,20110627,000000,18.0100000,18.4150000,18.0000000,18.2800000,2423741
US1.GE,D,20110628,000000,18.3050000,18.4350000,18.1650000,18.4300000,2354299
US1.GE,D,20110629,000000,18.5400000,18.6100000,18.4000000,18.5600000,2224669
US1.GE,D,20110630,000000,18.6000000,18.9000000,18.5700000,18.8550000,2235024
US1.GE,D,20110701,000000,18.8400000,19.2600000,18.7500000,19.1950000,2964790
US1.GE,D,20110705,000000,19.2200000,19.2300000,18.9150000,19.0400000,2126710
US1.GE,D,20110706,000000,18.9700000,19.1000000,18.9600000,19.0550000,1506245
US1.GE,D,20110707,000000,19.2400000,19.4500000,19.1500000,19.3100000,2198689
US1.GE,D,20110708,000000,19.0700000,19.0700000,18.8550000,18.9800000,3443908
US1.GE,D,20110711,000000,18.7500000,18.7700000,18.5000000,18.6300000,2808395
US1.GE,D,20110712,000000,18.4300000,18.6550000,18.3800000,18.3800000,2601586
US1.GE,D,20110713,000000,18.5300000,18.8250000,18.5050000,18.5200000,1590824
US1.GE,D,20110714,000000,18.6300000,18.7900000,18.4750000,18.5300000,1981513
US1.GE,D,20110715,000000,18.5300000,18.6800000,18.2900000,18.4250000,2535559
US1.GE,D,20110718,000000,18.3200000,18.3900000,18.1600000,18.2900000,2119970
US1.GE,D,20110719,000000,18.3850000,18.6350000,18.3600000,18.5800000,2251299
US1.GE,D,20110720,000000,18.7400000,18.9100000,18.6000000,18.7950000,2489796
US1.GE,D,20110721,000000,18.9700000,19.2750000,18.8700000,19.1800000,4005360
US1.GE,D,20110722,000000,19.4300000,19.5200000,18.9500000,19.0350000,4033188
US1.GE,D,20110725,000000,18.9300000,19.1350000,18.8600000,18.9650000,2701751
US1.GE,D,20110726,000000,18.9800000,19.0300000,18.5000000,18.5650000,3633175
US1.GE,D,20110727,000000,18.4900000,18.5100000,18.0600000,18.1650000,3917059
US1.GE,D,20110728,000000,18.1400000,18.4600000,18.0950000,18.1200000,3417264
US1.GE,D,20110729,000000,17.9700000,18.1050000,17.7850000,17.8800000,3979235
US1.GE,D,20110801,000000,18.3900000,18.4000000,17.6850000,17.9600000,3696935
US1.GE,D,20110802,000000,17.7600000,17.8800000,17.1650000,17.2000000,4998655
US1.GE,D,20110803,000000,17.2300000,17.4950000,17.0600000,17.4700000,4628697
US1.GE,D,20110804,000000,17.1700000,17.2650000,16.9000000,17.0150000,1399330
US1.GE,D,20110808,000000,15.6000000,16.1200000,15.3000000,15.4500000,7634277
US1.GE,D,20110809,000000,15.6200000,15.6900000,15.2700000,15.4000000,2851662
US1.GE,D,20110810,000000,15.8500000,15.8900000,15.0150000,15.1100000,5916088
US1.GE,D,20110811,000000,15.1600000,15.9100000,15.0100000,15.6450000,6355303
US1.GE,D,20110812,000000,16.0400000,16.1050000,15.7900000,15.8900000,4289430
US1.GE,D,20110815,000000,16.1700000,16.4100000,16.0900000,16.3700000,4350384
US1.GE,D,20110816,000000,16.2100000,16.2700000,15.9600000,16.1450000,3646183
US1.GE,D,20110817,000000,16.2900000,16.5400000,16.0800000,16.2150000,3031116
US1.GE,D,20110818,000000,15.7200000,15.7750000,15.2050000,15.3500000,5435498
US1.GE,D,20110819,000000,15.0500000,15.5900000,15.0300000,15.0850000,4397844
US1.GE,D,20110822,000000,15.5400000,15.5400000,15.0600000,15.0850000,4604225
US1.GE,D,20110823,000000,15.1700000,15.5400000,15.1100000,15.5250000,4470348
US1.GE,D,20110824,000000,15.4800000,15.7450000,15.4250000,15.7350000,3138331
US1.GE,D,20110825,000000,15.9000000,16.0500000,15.3450000,15.4450000,3158002
US1.GE,D,20110826,000000,15.4000000,15.6750000,15.1400000,15.5300000,2959187
US1.GE,D,20110829,000000,15.7700000,16.0600000,15.7600000,16.0450000,2085372
US1.GE,D,20110830,000000,15.9300000,16.2350000,15.7550000,16.1000000,3046822
US1.GE,D,20110831,000000,16.2400000,16.4900000,16.1600000,16.2750000,3427965
US1.GE,D,20110901,000000,16.3200000,16.4400000,16.1500000,16.2100000,3682682
US1.GE,D,20110902,000000,15.8300000,15.9200000,15.5500000,15.7550000,3152223
US1.GE,D,20110906,000000,15.2800000,15.2850000,15.0000000,15.2400000,5643187
US1.GE,D,20110907,000000,15.4900000,15.8500000,15.4400000,15.8050000,3719471
US1.GE,D,20110908,000000,15.6900000,15.8250000,15.5000000,15.5850000,3712343
US1.GE,D,20110909,000000,15.3750000,15.4500000,15.0300000,15.1100000,5454234
US1.GE,D,20110912,000000,14.9500000,15.2850000,14.7200000,15.0200000,6139398
US1.GE,D,20110913,000000,15.0100000,15.4600000,14.8650000,15.4150000,4900631
US1.GE,D,20110914,000000,15.4900000,16.0350000,15.2100000,15.8000000,5278631
US1.GE,D,20110915,000000,15.8500000,16.1000000,15.8400000,16.0750000,3903327
US1.GE,D,20110916,000000,16.1900000,16.3950000,16.0850000,16.2350000,4350426
US1.GE,D,20110919,000000,15.9700000,16.2650000,15.8700000,16.1800000,3041116
US1.GE,D,20110920,000000,16.2500000,16.4450000,16.0400000,16.0500000,4189265
US1.GE,D,20110921,000000,15.9800000,16.0600000,15.3650000,15.3650000,4395784
US1.GE,D,20110922,000000,14.9900000,15.2150000,14.8250000,15.0300000,6170462
US1.GE,D,20110923,000000,14.9200000,15.2400000,14.8600000,15.1950000,3632448
US1.GE,D,20110926,000000,15.4300000,15.6150000,15.0700000,15.5800000,4622997
US1.GE,D,20110927,000000,15.8600000,16.0700000,15.6700000,15.7700000,5479274
US1.GE,D,20110928,000000,15.7900000,16.0000000,15.4200000,15.4700000,4246517
US1.GE,D,20110929,000000,15.8300000,15.9500000,15.5050000,15.8500000,3802436
US1.GE,D,20110930,000000,15.6400000,15.7200000,15.2150000,15.2200000,5359622
US1.GE,D,20111003,000000,15.1100000,15.3900000,14.7000000,14.7050000,5429412
US1.GE,D,20111004,000000,14.4400000,14.8950000,14.0250000,14.8850000,6778968
US1.GE,D,20111005,000000,14.9000000,15.3250000,14.7600000,15.2850000,6195791
US1.GE,D,20111006,000000,15.2600000,15.5350000,14.9600000,15.5300000,4768300
US1.GE,D,20111007,000000,15.6200000,15.7250000,15.3500000,15.5100000,3634492
US1.GE,D,20111010,000000,15.7900000,16.1350000,15.7600000,16.1350000,3959304
US1.GE,D,20111011,000000,15.9800000,16.2150000,15.9600000,16.1600000,3577041
US1.GE,D,20111012,000000,16.2700000,16.5800000,16.2600000,16.4150000,4123203
US1.GE,D,20111013,000000,16.2450000,16.3050000,16.0200000,16.2100000,3964089
US1.GE,D,20111014,000000,16.4200000,16.6450000,16.4100000,16.6200000,3246278
US1.GE,D,20111017,000000,16.5100000,16.6000000,16.1950000,16.2100000,3823263
US1.GE,D,20111018,000000,16.2600000,16.9700000,16.2450000,16.7250000,4520459
US1.GE,D,20111019,000000,16.7200000,16.8650000,16.4150000,16.5200000,3921363
US1.GE,D,20111020,000000,16.6200000,16.7900000,16.3400000,16.7000000,2926934
US1.GE,D,20111021,000000,16.3800000,16.5200000,16.1400000,16.3650000,6223385
US1.GE,D,20111024,000000,16.3500000,16.6900000,16.3300000,16.4500000,3926420
US1.GE,D,20111025,000000,16.4600000,16.4800000,16.0500000,16.2350000,5158001
US1.GE,D,20111026,000000,16.4300000,16.5050000,16.2200000,16.3550000,4654936
US1.GE,D,20111027,000000,16.9600000,17.5000000,16.8200000,17.3950000,6746304
US1.GE,D,20111028,000000,17.1600000,17.3400000,17.1100000,17.2500000,3947334
US1.GE,D,20111031,000000,16.9800000,17.0000000,16.7050000,16.7050000,2885109
US1.GE,D,20111101,000000,16.1300000,16.3400000,15.9800000,16.0200000,6311834
US1.GE,D,20111102,000000,16.3400000,16.5100000,16.1650000,16.2650000,2632442
US1.GE,D,20111103,000000,16.5500000,16.6900000,16.3700000,16.6550000,3250536
US1.GE,D,20111104,000000,16.5400000,16.5400000,16.2300000,16.4000000,2640415
US1.GE,D,20111107,000000,16.3600000,16.4300000,16.1150000,16.3200000,2348350
US1.GE,D,20111108,000000,16.4600000,16.4800000,16.2700000,16.4600000,3304996
US1.GE,D,20111109,000000,16.1300000,16.1900000,15.7550000,15.8250000,4555217
US1.GE,D,20111110,000000,16.0900000,16.1900000,15.9700000,16.0750000,3541837
US1.GE,D,20111111,000000,16.2500000,16.4600000,16.2350000,16.3000000,2871500
US1.GE,D,20111114,000000,16.2300000,16.2700000,16.0200000,16.1200000,2284926
US1.GE,D,20111115,000000,16.0300000,16.3150000,16.0300000,16.2000000,2322466
US1.GE,D,20111116,000000,16.0600000,16.2500000,15.9250000,15.9450000,3300106
US1.GE,D,20111117,000000,15.9700000,16.0500000,15.5050000,15.5900000,3919581
US1.GE,D,20111118,000000,15.7700000,15.8450000,15.6200000,15.6600000,2604185
US1.GE,D,20111121,000000,15.4800000,15.4900000,15.2050000,15.2500000,3660029
US1.GE,D,20111122,000000,15.2700000,15.2700000,14.9850000,15.0000000,4527601
US1.GE,D,20111123,000000,14.9000000,14.9450000,14.7300000,14.7400000,4203571
US1.GE,D,20111125,000000,14.7600000,15.0100000,14.7100000,14.7150000,1059920
US1.GE,D,20111128,000000,15.2350000,15.2500000,14.6800000,14.8000000,4835668
US1.GE,D,20111129,000000,14.9100000,15.1500000,14.8200000,14.9300000,5441750
US1.GE,D,20111130,000000,15.3100000,15.9000000,15.3100000,15.8800000,5098864
US1.GE,D,20111201,000000,15.8800000,15.9950000,15.7300000,15.9100000,5684894
US1.GE,D,20111202,000000,16.0600000,16.3000000,16.0600000,16.0900000,5920497
US1.GE,D,20111205,000000,16.3500000,16.5000000,16.1850000,16.3300000,4065268
US1.GE,D,20111206,000000,16.5850000,16.9200000,16.5150000,16.7200000,5080700
US1.GE,D,20111207,000000,16.7100000,16.8250000,16.5300000,16.7400000,4169001
US1.GE,D,20111208,000000,16.6100000,16.6400000,16.2650000,16.3200000,3712495
US1.GE,D,20111209,000000,16.3900000,16.9800000,16.3700000,16.8500000,4276382
US1.GE,D,20111212,000000,16.7100000,16.8600000,16.3250000,16.4700000,3712945
US1.GE,D,20111213,000000,16.5600000,16.7200000,16.3000000,16.3900000,4577939
US1.GE,D,20111214,000000,16.3600000,16.7650000,16.3000000,16.6200000,5848139
US1.GE,D,20111215,000000,16.8400000,16.8650000,16.6000000,16.7850000,3648414
US1.GE,D,20111216,000000,16.9300000,17.0850000,16.9100000,16.9800000,5103964
US1.GE,D,20111219,000000,16.9400000,17.1000000,16.7900000,16.8400000,4007643
US1.GE,D,20111220,000000,17.0500000,17.3900000,17.0500000,17.2800000,3360573
US1.GE,D,20111221,000000,17.3300000,17.7650000,17.1500000,17.7100000,4363251
US1.GE,D,20111222,000000,17.7000000,18.1400000,17.6600000,18.0700000,5276707
US1.GE,D,20111223,000000,18.0250000,18.2800000,17.9600000,18.2300000,3081148
US1.GE,D,20111227,000000,18.1500000,18.1900000,18.0100000,18.0200000,2743217
US1.GE,D,20111228,000000,18.0200000,18.0200000,17.7300000,17.8300000,2580174
US1.GE,D,20111229,000000,17.7900000,18.1200000,17.7900000,18.0800000,2229323
US1.GE,D,20111230,000000,18.0500000,18.0700000,17.8850000,17.9200000,1167061
US1.GE,D,20120103,000000,18.2300000,18.4950000,18.2300000,18.3800000,3505723
US1.GE,D,20120104,000000,18.2900000,18.6000000,18.2800000,18.5500000,2465058
US1.GE,D,20120105,000000,18.4750000,18.6000000,18.2950000,18.5600000,2854318
US1.GE,D,20120106,000000,18.7300000,18.7900000,18.5600000,18.6500000,3400481
US1.GE,D,20120109,000000,18.7300000,18.8750000,18.5600000,18.8500000,3050709
US1.GE,D,20120110,000000,19.0200000,19.0450000,18.6200000,18.7450000,4664195
US1.GE,D,20120111,000000,18.5400000,18.9450000,18.5100000,18.8700000,3121847
US1.GE,D,20120112,000000,18.9800000,19.0000000,18.7600000,18.9400000,2863646
US1.GE,D,20120113,000000,18.8000000,18.8300000,18.6000000,18.8300000,2605584
US1.GE,D,20120117,000000,18.9900000,19.0900000,18.6800000,18.7200000,3391082
US1.GE,D,20120118,000000,18.6100000,19.0100000,18.5700000,19.0100000,2103003
US1.GE,D,20120119,000000,19.0300000,19.1800000,18.9400000,19.1650000,3705477
US1.GE,D,20120120,000000,18.8100000,19.1700000,18.6800000,19.1500000,4673722
US1.GE,D,20120123,000000,19.0500000,19.2300000,18.9000000,18.9400000,3405800
US1.GE,D,20120124,000000,18.8400000,18.8600000,18.7500000,18.8300000,2782964
US1.GE,D,20120125,000000,18.8400000,19.1600000,18.8000000,19.1200000,3873229
US1.GE,D,20120126,000000,19.2600000,19.2650000,18.9800000,19.0700000,3138324
US1.GE,D,20120127,000000,18.9900000,19.1250000,18.9200000,19.0300000,2334727
US1.GE,D,20120130,000000,18.8400000,18.9200000,18.7000000,18.9000000,3076411
US1.GE,D,20120131,000000,18.9800000,19.0000000,18.7000000,18.7200000,3025384
US1.GE,D,20120201,000000,18.9500000,19.0600000,18.7500000,18.7700000,5335454
US1.GE,D,20120202,000000,18.8200000,18.9300000,18.7000000,18.7500000,2469784
US1.GE,D,20120203,000000,18.9900000,19.1000000,18.9200000,19.0200000,2852857
US1.GE,D,20120206,000000,19.0200000,19.1450000,18.9500000,19.0600000,2541152
US1.GE,D,20120207,000000,18.9800000,19.1950000,18.9200000,19.1800000,2360790
US1.GE,D,20120208,000000,19.1900000,19.3000000,19.0800000,19.2500000,1979555
US1.GE,D,20120209,000000,19.2800000,19.3450000,19.1150000,19.1300000,2003278
US1.GE,D,20120210,000000,18.9950000,19.0000000,18.7750000,18.8800000,3294932
US1.GE,D,20120213,000000,19.0200000,19.0800000,18.9050000,19.0500000,3388377
US1.GE,D,20120214,000000,18.9200000,18.9800000,18.8000000,18.9600000,2447668
US1.GE,D,20120215,000000,19.0100000,19.0200000,18.7050000,18.7800000,3381005
US1.GE,D,20120216,000000,18.8500000,19.0300000,18.8100000,19.0250000,2840124
US1.GE,D,20120217,000000,19.1600000,19.3100000,19.1100000,19.3000000,2712349
US1.GE,D,20120221,000000,19.4050000,19.5000000,19.3200000,19.4100000,2329623
US1.GE,D,20120222,000000,19.4200000,19.4700000,19.1800000,19.3800000,2375109
US1.GE,D,20120223,000000,19.1200000,19.3650000,19.0000000,19.3100000,2782790
US1.GE,D,20120224,000000,19.3400000,19.3400000,19.1400000,19.2300000,1317384
US1.GE,D,20120227,000000,19.0200000,19.1500000,18.9800000,19.0700000,2546332
US1.GE,D,20120228,000000,19.1000000,19.1850000,18.9900000,19.1700000,2002695
US1.GE,D,20120229,000000,19.2000000,19.2400000,19.0100000,19.0500000,3563403
US1.GE,D,20120301,000000,19.1400000,19.1900000,19.0400000,19.1100000,3319115
US1.GE,D,20120302,000000,19.1200000,19.1200000,18.9100000,18.9800000,2540249
US1.GE,D,20120305,000000,18.9700000,18.9700000,18.7400000,18.8600000,2866678
US1.GE,D,20120306,000000,18.5900000,18.6000000,18.3200000,18.4000000,4674320
US1.GE,D,20120307,000000,18.5800000,18.8500000,18.5500000,18.7800000,4090553
US1.GE,D,20120308,000000,18.9800000,19.0900000,18.9250000,19.0300000,2522314
US1.GE,D,20120309,000000,19.0100000,19.1750000,18.9200000,19.0600000,2516231
US1.GE,D,20120312,000000,19.1100000,19.1900000,19.0450000,19.1400000,2444887
US1.GE,D,20120313,000000,19.2000000,19.6600000,19.0950000,19.6100000,4422264
US1.GE,D,20120314,000000,19.6100000,19.8900000,19.5800000,19.8000000,4576765
US1.GE,D,20120315,000000,19.8900000,20.1950000,19.8750000,20.1500000,5485144
US1.GE,D,20120316,000000,20.2500000,20.3000000,20.0150000,20.2100000,3233391
US1.GE,D,20120319,000000,20.0900000,20.3600000,20.0600000,20.2000000,2755531
US1.GE,D,20120320,000000,20.0400000,20.2050000,19.9800000,20.0900000,3420610
US1.GE,D,20120321,000000,20.1600000,20.3100000,20.0450000,20.0900000,3388489
US1.GE,D,20120322,000000,19.9400000,19.9600000,19.6950000,19.8500000,3503216
US1.GE,D,20120323,000000,19.8100000,19.9000000,19.7000000,19.8100000,1814582
US1.GE,D,20120326,000000,19.9900000,20.1100000,19.9250000,20.0500000,2961517
US1.GE,D,20120327,000000,20.1300000,20.1400000,20.0100000,20.0700000,2226457
US1.GE,D,20120328,000000,20.0300000,20.1100000,19.7700000,19.9800000,3957203
US1.GE,D,20120329,000000,19.8500000,19.9700000,19.7100000,19.9350000,3474851
US1.GE,D,20120330,000000,20.0800000,20.1300000,19.9700000,20.0900000,2673298
US1.GE,D,20120402,000000,20.0300000,20.1050000,19.9000000,20.0200000,3679981
US1.GE,D,20120403,000000,19.9700000,20.0100000,19.8050000,19.9400000,3675902
US1.GE,D,20120404,000000,19.6500000,19.8050000,19.6200000,19.7400000,2776218
US1.GE,D,20120405,000000,19.6000000,19.7050000,19.4600000,19.4750000,2383160
US1.GE,D,20120410,000000,19.0900000,19.1300000,18.7050000,18.7400000,3745416
US1.GE,D,20120411,000000,19.0100000,19.1400000,18.9800000,19.0200000,2671040
US1.GE,D,20120412,000000,19.0100000,19.3200000,18.9600000,19.3100000,1766964
US1.GE,D,20120413,000000,19.1800000,19.1800000,18.8650000,18.8800000,2485608
US1.GE,D,20120416,000000,18.9800000,19.1300000,18.8550000,18.9000000,2334348
US1.GE,D,20120417,000000,19.0500000,19.3600000,18.9250000,19.3100000,1966795
US1.GE,D,20120418,000000,19.2300000,19.3300000,19.0450000,19.0950000,2526178
US1.GE,D,20120419,000000,19.1700000,19.2450000,18.9750000,19.1500000,4719294
US1.GE,D,20120420,000000,19.4300000,19.6200000,19.2500000,19.3600000,3829140
US1.GE,D,20120423,000000,19.0700000,19.1150000,18.9450000,19.0700000,3377762
US1.GE,D,20120424,000000,19.1900000,19.6000000,19.1100000,19.5500000,2889612
US1.GE,D,20120425,000000,19.7800000,19.7900000,19.4300000,19.4600000,2830816
US1.GE,D,20120426,000000,19.4500000,19.7100000,19.4000000,19.6300000,2595705
US1.GE,D,20120427,000000,19.7000000,19.8650000,19.6000000,19.7800000,2284695
US1.GE,D,20120430,000000,19.7100000,19.7200000,19.4400000,19.5700000,1807911
US1.GE,D,20120501,000000,19.5700000,19.9450000,19.4600000,19.8200000,2472937
US1.GE,D,20120502,000000,19.7200000,19.7800000,19.5300000,19.7600000,2283747
US1.GE,D,20120503,000000,19.7800000,19.7900000,19.5700000,19.6300000,1784988
US1.GE,D,20120504,000000,19.5600000,19.5800000,19.3400000,19.3500000,1556485
US1.GE,D,20120507,000000,19.1400000,19.4800000,19.1400000,19.3200000,2824351
US1.GE,D,20120508,000000,19.2500000,19.3300000,19.0200000,19.2500000,3368000
US1.GE,D,20120509,000000,19.0100000,19.0350000,18.7400000,18.9000000,4046054
US1.GE,D,20120510,000000,19.1500000,19.2300000,19.0150000,19.0800000,2317916
US1.GE,D,20120511,000000,18.9400000,19.2700000,18.9200000,19.0100000,1614951
US1.GE,D,20120514,000000,18.8200000,18.8300000,18.5550000,18.5900000,2827723
US1.GE,D,20120515,000000,18.5600000,18.6600000,18.3300000,18.4000000,2692539
US1.GE,D,20120516,000000,18.8900000,19.2500000,18.7100000,19.0100000,4409893
US1.GE,D,20120517,000000,18.9850000,19.1300000,18.8700000,18.8800000,3704911
US1.GE,D,20120518,000000,18.9300000,19.1550000,18.8550000,18.9250000,3893391
US1.GE,D,20120521,000000,18.9900000,19.1900000,18.9700000,19.1300000,2141982
US1.GE,D,20120522,000000,19.1300000,19.2800000,19.0600000,19.1800000,3877520
US1.GE,D,20120523,000000,19.1200000,19.2100000,18.7500000,19.1800000,4038861
US1.GE,D,20120524,000000,19.1500000,19.3900000,19.0250000,19.2600000,2777133
US1.GE,D,20120525,000000,19.2900000,19.4100000,19.1300000,19.1900000,1821209
US1.GE,D,20120529,000000,19.3000000,19.4250000,19.2000000,19.3400000,2223234
US1.GE,D,20120530,000000,19.1600000,19.1900000,18.9900000,19.0200000,3055555
US1.GE,D,20120531,000000,18.9900000,19.2150000,18.8750000,19.0900000,3580148
US1.GE,D,20120601,000000,18.7600000,18.9900000,18.5050000,18.5200000,3666884
US1.GE,D,20120604,000000,18.4800000,18.5100000,18.0500000,18.1300000,4641562
US1.GE,D,20120605,000000,18.0800000,18.2950000,18.0250000,18.2400000,2773778
US1.GE,D,20120606,000000,18.4000000,18.8600000,18.3200000,18.8600000,3136844
US1.GE,D,20120607,000000,19.0900000,19.2000000,18.9000000,19.0000000,3744710
US1.GE,D,20120608,000000,18.9800000,19.2450000,18.9100000,19.2100000,2444318
US1.GE,D,20120611,000000,19.3500000,19.4300000,19.0700000,19.1100000,2988952
US1.GE,D,20120612,000000,19.1600000,19.4800000,19.0950000,19.4700000,3504306
US1.GE,D,20120613,000000,19.2650000,19.5400000,19.2000000,19.3650000,2994264
US1.GE,D,20120614,000000,19.3700000,19.7700000,19.2500000,19.7250000,4404159
US1.GE,D,20120615,000000,19.8700000,20.0000000,19.7600000,19.9900000,2951923
US1.GE,D,20120618,000000,19.8800000,19.9700000,19.7500000,19.7500000,3452724
US1.GE,D,20120619,000000,19.8800000,20.1400000,19.8600000,20.0000000,2558665
US1.GE,D,20120620,000000,20.0300000,20.1400000,19.8500000,20.1100000,3730707
US1.GE,D,20120621,000000,19.9900000,20.0700000,19.4650000,19.5100000,3421313
US1.GE,D,20120622,000000,19.6700000,19.9100000,19.5150000,19.8300000,3011380
US1.GE,D,20120625,000000,19.5100000,19.5950000,19.2900000,19.5200000,3711923
US1.GE,D,20120626,000000,19.5400000,19.9000000,19.5200000,19.8100000,6397694
US1.GE,D,20120627,000000,19.9100000,20.1900000,19.8950000,20.1200000,3495009
US1.GE,D,20120628,000000,19.9000000,20.2000000,19.8700000,20.1700000,4471648
US1.GE,D,20120629,000000,20.4200000,20.8300000,20.4200000,20.8300000,4142957
US1.GE,D,20120702,000000,20.7200000,20.8100000,20.2850000,20.4700000,4204378
US1.GE,D,20120703,000000,20.3900000,20.4950000,20.3300000,20.4300000,1348981
US1.GE,D,20120705,000000,20.3000000,20.4750000,20.2900000,20.3500000,2189028
US1.GE,D,20120706,000000,20.1500000,20.2600000,19.9550000,20.0100000,3164046
US1.GE,D,20120709,000000,19.9900000,20.0400000,19.9100000,20.0300000,2487767
US1.GE,D,20120710,000000,20.0200000,20.0700000,19.4950000,19.6200000,4376019
US1.GE,D,20120711,000000,19.6700000,19.7850000,19.5450000,19.6800000,3594357
US1.GE,D,20120712,000000,19.4850000,19.6400000,19.3650000,19.4400000,4365802
US1.GE,D,20120713,000000,19.4900000,19.8650000,19.4600000,19.7500000,2680689
US1.GE,D,20120716,000000,19.5100000,19.6100000,19.4400000,19.5700000,2491596
US1.GE,D,20120717,000000,19.6400000,19.8500000,19.4400000,19.7100000,4101563
US1.GE,D,20120718,000000,19.6500000,19.8600000,19.6000000,19.8300000,3967417
US1.GE,D,20120719,000000,19.9000000,19.9100000,19.6450000,19.7900000,2697070
US1.GE,D,20120720,000000,19.8900000,20.3650000,19.4500000,19.8750000,7770107
US1.GE,D,20120723,000000,19.5600000,20.1300000,19.5200000,20.0900000,4662461
US1.GE,D,20120724,000000,20.0600000,20.0900000,19.7400000,19.9700000,4741671
US1.GE,D,20120725,000000,20.0700000,20.1550000,19.9800000,20.0000000,2984490
US1.GE,D,20120726,000000,20.2000000,20.6950000,20.1700000,20.5600000,3434101
US1.GE,D,20120727,000000,20.6300000,20.9950000,20.6150000,20.9150000,3302062
US1.GE,D,20120730,000000,20.8100000,20.9100000,20.6900000,20.8000000,3261312
US1.GE,D,20120731,000000,20.7700000,20.8800000,20.7500000,20.7600000,3206510
US1.GE,D,20120801,000000,20.8600000,20.9500000,20.7100000,20.7300000,2975948
US1.GE,D,20120802,000000,20.5450000,20.7000000,20.2000000,20.5200000,3832059
US1.GE,D,20120803,000000,20.8350000,21.0000000,20.7750000,20.9500000,2599870
US1.GE,D,20120806,000000,20.9700000,21.1700000,20.9050000,20.9700000,2657958
US1.GE,D,20120807,000000,21.1400000,21.1900000,21.0900000,21.1300000,2456333
US1.GE,D,20120808,000000,21.0200000,21.0850000,20.9000000,21.0100000,2405956
US1.GE,D,20120809,000000,20.9400000,21.1150000,20.9400000,21.0600000,2952506
US1.GE,D,20120810,000000,20.9800000,21.1000000,20.9400000,21.0900000,1712107
US1.GE,D,20120814,000000,21.0800000,21.1100000,20.9000000,20.9400000,2765010
US1.GE,D,20120815,000000,20.8600000,21.0300000,20.7900000,20.9500000,2842976
US1.GE,D,20120816,000000,20.8800000,21.1350000,20.8200000,21.0450000,2862655
US1.GE,D,20120817,000000,21.0700000,21.1000000,20.9400000,21.0000000,1698552
US1.GE,D,20120820,000000,20.9700000,21.0200000,20.8350000,20.9300000,1847000
US1.GE,D,20120821,000000,20.9600000,21.0450000,20.8000000,20.8600000,2166990
US1.GE,D,20120822,000000,20.7700000,20.8650000,20.7150000,20.7900000,2022120
US1.GE,D,20120823,000000,20.7600000,20.7900000,20.6350000,20.6500000,2765962
US1.GE,D,20120824,000000,20.5900000,20.8900000,20.5500000,20.8000000,2155848
US1.GE,D,20120827,000000,20.8200000,20.9500000,20.7900000,20.8600000,2019430
US1.GE,D,20120828,000000,20.7700000,20.9200000,20.7600000,20.8150000,2637734
US1.GE,D,20120829,000000,20.8200000,20.9450000,20.8150000,20.8200000,1425295
US1.GE,D,20120830,000000,20.7200000,20.7700000,20.6200000,20.6500000,1482373
US1.GE,D,20120831,000000,20.7600000,20.8300000,20.6100000,20.7200000,1993598
US1.GE,D,20120904,000000,20.6400000,20.6800000,20.4900000,20.5200000,3078985
US1.GE,D,20120905,000000,20.5500000,20.7700000,20.5200000,20.6600000,3051114
US1.GE,D,20120906,000000,20.8750000,21.3200000,20.8500000,21.2900000,3252828
US1.GE,D,20120907,000000,21.3500000,21.5900000,21.3100000,21.5900000,2562888
US1.GE,D,20120910,000000,21.4600000,21.6450000,21.4350000,21.4900000,2728875
US1.GE,D,20120911,000000,21.4800000,21.6800000,21.4050000,21.5900000,2873581
US1.GE,D,20120912,000000,21.6700000,21.9300000,21.6700000,21.8700000,3351375
US1.GE,D,20120913,000000,21.7700000,22.2300000,21.7550000,22.0200000,4852327
US1.GE,D,20120914,000000,22.2000000,22.3700000,21.9800000,22.1000000,4470864
US1.GE,D,20120917,000000,21.9300000,22.0500000,21.9000000,22.0300000,3143058
US1.GE,D,20120918,000000,21.9900000,22.2300000,21.9700000,22.2300000,2715726
US1.GE,D,20120919,000000,22.2800000,22.4850000,22.2500000,22.4400000,3301390
US1.GE,D,20120920,000000,22.2000000,22.4700000,22.1200000,22.4300000,3807561
US1.GE,D,20120921,000000,22.5200000,22.6900000,22.4650000,22.5400000,4224827
US1.GE,D,20120924,000000,22.4000000,22.4500000,22.3050000,22.3600000,4209426
US1.GE,D,20120925,000000,22.3900000,22.6600000,22.3050000,22.3100000,3650199
US1.GE,D,20120926,000000,22.1600000,22.2500000,22.0750000,22.1000000,4166789
US1.GE,D,20120927,000000,22.2300000,22.8600000,22.1300000,22.7400000,7174783
US1.GE,D,20120928,000000,22.7600000,22.9600000,22.6200000,22.7200000,6078127
US1.GE,D,20121001,000000,22.7200000,22.9900000,22.7200000,22.8000000,3532623
US1.GE,D,20121002,000000,22.9500000,22.9900000,22.7100000,22.7800000,3771288
US1.GE,D,20121003,000000,22.8800000,22.9800000,22.7200000,22.9050000,3249873
US1.GE,D,20121004,000000,22.9500000,23.0500000,22.7750000,22.9400000,4110883
US1.GE,D,20121005,000000,23.0300000,23.1800000,23.0050000,23.1200000,3023564
US1.GE,D,20121008,000000,22.8800000,22.9900000,22.8750000,22.9200000,1979982
US1.GE,D,20121009,000000,22.9400000,22.9700000,22.6050000,22.6300000,3484613
US1.GE,D,20121010,000000,22.6200000,22.7400000,22.4150000,22.4300000,2748555
US1.GE,D,20121011,000000,22.6000000,22.7050000,22.4900000,22.5200000,2219473
US1.GE,D,20121012,000000,22.5800000,22.7000000,22.4100000,22.4800000,2140671
US1.GE,D,20121015,000000,22.5400000,22.7000000,22.5000000,22.6450000,2360685
US1.GE,D,20121016,000000,22.7900000,22.8800000,22.5750000,22.6200000,2608637
US1.GE,D,20121017,000000,22.8000000,22.9200000,22.7300000,22.9000000,1843949
US1.GE,D,20121018,000000,22.8300000,23.0800000,22.8050000,22.8300000,3322513
US1.GE,D,20121019,000000,22.5100000,22.5300000,21.8700000,22.0100000,8581272
US1.GE,D,20121022,000000,21.8900000,21.9500000,21.2500000,21.7000000,7346845
US1.GE,D,20121023,000000,21.3800000,21.4000000,21.2050000,21.2700000,3653935
US1.GE,D,20121024,000000,21.4300000,21.4600000,21.2500000,21.2600000,3489808
US1.GE,D,20121025,000000,21.5700000,21.5700000,21.0300000,21.2600000,5083104
US1.GE,D,20121026,000000,21.1900000,21.3900000,21.0700000,21.1100000,4005025
US1.GE,D,20121031,000000,21.2400000,21.2500000,20.9700000,21.0600000,2441219
US1.GE,D,20121101,000000,21.0200000,21.3900000,21.0200000,21.3400000,3934502
US1.GE,D,20121102,000000,21.5300000,21.6800000,21.2700000,21.3200000,3683101
US1.GE,D,20121105,000000,21.2000000,21.4600000,21.2000000,21.4150000,2798159
US1.GE,D,20121106,000000,21.5250000,21.7750000,21.4500000,21.5800000,2429202
US1.GE,D,20121107,000000,21.4000000,21.5100000,21.0800000,21.1300000,4378422
US1.GE,D,20121108,000000,21.1600000,21.1900000,20.8900000,20.8900000,3637089
US1.GE,D,20121109,000000,20.7600000,21.2950000,20.7000000,21.0100000,3956870
US1.GE,D,20121112,000000,21.0100000,21.1400000,20.8900000,20.8900000,2038976
US1.GE,D,20121113,000000,20.6000000,20.9500000,20.6000000,20.6900000,2987818
US1.GE,D,20121114,000000,20.7300000,20.7400000,19.9500000,20.0100000,4576371
US1.GE,D,20121115,000000,19.9200000,20.2200000,19.9100000,20.0400000,3820065
US1.GE,D,20121116,000000,20.0900000,20.1850000,19.8750000,20.1400000,3667663
US1.GE,D,20121119,000000,20.4100000,20.7200000,20.4000000,20.6600000,2600879
US1.GE,D,20121120,000000,20.6700000,20.6800000,20.3700000,20.6200000,2578877
US1.GE,D,20121121,000000,20.6500000,20.7300000,20.5700000,20.6700000,1921333
US1.GE,D,20121123,000000,20.8000000,21.0300000,20.7300000,21.0300000,924233
US1.GE,D,20121126,000000,20.8900000,21.0650000,20.8800000,21.0500000,1872613
US1.GE,D,20121127,000000,21.0600000,21.2000000,20.8500000,20.8800000,2518065
US1.GE,D,20121128,000000,20.7200000,21.1450000,20.5100000,21.1250000,3366892
US1.GE,D,20121129,000000,21.2400000,21.3600000,20.9500000,21.1350000,2363614
US1.GE,D,20121130,000000,21.1600000,21.2600000,21.0500000,21.1300000,2136530
US1.GE,D,20121203,000000,21.2000000,21.2300000,20.8050000,20.8200000,2123054
US1.GE,D,20121204,000000,20.8500000,21.0000000,20.7100000,20.8700000,2636787
US1.GE,D,20121205,000000,20.9100000,21.3550000,20.8600000,21.2300000,3055223
US1.GE,D,20121206,000000,21.2000000,21.3900000,21.0800000,21.3800000,2337861
US1.GE,D,20121207,000000,21.4000000,21.4700000,21.2450000,21.4500000,2770423
US1.GE,D,20121210,000000,21.4200000,21.4950000,21.3600000,21.4000000,1976458
US1.GE,D,20121211,000000,21.4900000,21.7500000,21.3700000,21.5200000,3516898
US1.GE,D,20121212,000000,21.6100000,21.9500000,21.5700000,21.7800000,3390201
US1.GE,D,20121213,000000,21.7750000,21.9200000,21.5550000,21.6300000,2118484
US1.GE,D,20121214,000000,21.6100000,21.7600000,21.5500000,21.6600000,3351493
US1.GE,D,20121217,000000,21.7300000,21.9500000,21.6900000,21.9300000,3912777
US1.GE,D,20121218,000000,21.8500000,21.8900000,21.4100000,21.6900000,5599428
US1.GE,D,20121219,000000,21.6400000,21.6600000,20.9700000,21.0150000,4858326
US1.GE,D,20121220,000000,20.8700000,21.2350000,20.8700000,21.0600000,2938015
US1.GE,D,20121221,000000,20.8400000,20.9900000,20.5600000,20.9000000,5138540
US1.GE,D,20121224,000000,20.7900000,20.9600000,20.7700000,20.8100000,951221
US1.GE,D,20121226,000000,20.7900000,20.9400000,20.7100000,20.7700000,2099278
US1.GE,D,20121227,000000,20.8000000,20.8600000,20.4200000,20.6800000,2469173
US1.GE,D,20121228,000000,20.4800000,20.7000000,20.4350000,20.4500000,2672566
US1.GE,D,20121231,000000,20.2900000,20.9950000,20.2600000,20.9900000,5687356
US1.GE,D,20130102,000000,21.5200000,21.5250000,21.2000000,21.3200000,3007333
US1.GE,D,20130103,000000,21.4800000,21.4900000,21.0500000,21.1000000,3030645
US1.GE,D,20130104,000000,21.2200000,21.2600000,21.1300000,21.1900000,2304375
US1.GE,D,20130107,000000,21.1600000,21.2100000,20.9650000,21.1100000,2643980
US1.GE,D,20130108,000000,21.0900000,21.1100000,20.8200000,20.8900000,3672815
US1.GE,D,20130109,000000,21.0400000,21.0650000,20.9400000,20.9600000,2471949
US1.GE,D,20130110,000000,21.0400000,21.2300000,20.9600000,21.1700000,2705883
US1.GE,D,20130111,000000,21.2200000,21.2300000,21.0200000,21.1400000,2298385
US1.GE,D,20130114,000000,21.1800000,21.2300000,21.0700000,21.1300000,3087216
US1.GE,D,20130115,000000,21.0300000,21.2100000,21.0250000,21.1900000,2600846
US1.GE,D,20130116,000000,21.1500000,21.1900000,21.0650000,21.1100000,4554699
US1.GE,D,20130117,000000,21.2500000,21.5350000,21.1300000,21.3200000,5001685
US1.GE,D,20130118,000000,21.9600000,22.1850000,21.5900000,22.0400000,8403245
US1.GE,D,20130122,000000,22.1900000,22.1900000,21.9400000,21.9600000,1175162
US1.GE,D,20130123,000000,21.9600000,22.0300000,21.7500000,21.9250000,3828934
US1.GE,D,20130124,000000,21.9600000,22.1900000,21.9500000,22.0700000,4354634
US1.GE,D,20130125,000000,22.2800000,22.3100000,22.1150000,22.2900000,2854089
US1.GE,D,20130128,000000,22.3500000,22.5300000,22.2600000,22.5300000,1116013
US1.GE,D,20130129,000000,22.4900000,22.5800000,22.4050000,22.4900000,1547838
US1.GE,D,20130130,000000,22.5500000,22.5500000,22.2300000,22.2300000,2922777
US1.GE,D,20130131,000000,22.2100000,22.4000000,22.1900000,22.3000000,2287213
US1.GE,D,20130201,000000,22.4300000,22.6400000,22.3200000,22.6100000,3331675
US1.GE,D,20130204,000000,22.4100000,22.4850000,22.2800000,22.3300000,3149692
US1.GE,D,20130205,000000,22.4900000,22.6200000,22.4600000,22.5500000,2133248
US1.GE,D,20130206,000000,22.4700000,22.4900000,22.3100000,22.4400000,2732255
US1.GE,D,20130207,000000,22.5000000,22.5100000,22.2700000,22.4700000,3253979
US1.GE,D,20130208,000000,22.5100000,22.5550000,22.4550000,22.4900000,1682915
US1.GE,D,20130211,000000,22.4900000,22.5100000,22.3500000,22.4400000,1445113
US1.GE,D,20130212,000000,22.5050000,22.6500000,22.4800000,22.5800000,1640601
US1.GE,D,20130213,000000,23.1050000,23.4750000,23.0400000,23.4000000,7240104
US1.GE,D,20130214,000000,23.2500000,23.4850000,23.1150000,23.4100000,3532817
US1.GE,D,20130215,000000,23.4800000,23.5500000,23.2400000,23.2800000,2332522
US1.GE,D,20130219,000000,23.4200000,23.7450000,23.4100000,23.7300000,2187442
US1.GE,D,20130220,000000,23.7100000,23.7500000,23.3500000,23.3900000,2793015
US1.GE,D,20130221,000000,23.1800000,23.3500000,23.1200000,23.2500000,5963769
US1.GE,D,20130222,000000,23.3500000,23.4400000,23.2400000,23.4000000,2364244
US1.GE,D,20130225,000000,23.5200000,23.5300000,22.8100000,22.8100000,6234253
US1.GE,D,20130226,000000,22.9900000,23.1400000,22.9100000,23.0700000,5019278
US1.GE,D,20130227,000000,23.0200000,23.3950000,23.0100000,23.3600000,3197339
US1.GE,D,20130228,000000,23.4100000,23.4500000,23.2100000,23.2100000,3238788
US1.GE,D,20130301,000000,23.0200000,23.3400000,23.0000000,23.1900000,4559374
US1.GE,D,20130304,000000,23.1400000,23.2800000,23.0300000,23.2700000,2590853
US1.GE,D,20130305,000000,23.4600000,23.7000000,23.4400000,23.6000000,2618342
US1.GE,D,20130306,000000,23.8300000,23.8400000,23.6700000,23.6750000,1800617
US1.GE,D,20130307,000000,23.7200000,23.8200000,23.6700000,23.6800000,1571892
US1.GE,D,20130308,000000,23.8700000,23.8900000,23.6800000,23.7700000,2069274
US1.GE,D,20130311,000000,23.7000000,23.7400000,23.4600000,23.6100000,1974816
US1.GE,D,20130312,000000,23.5800000,23.6000000,23.3350000,23.4000000,3167100
US1.GE,D,20130313,000000,23.4200000,23.5200000,23.4000000,23.4900000,1740476
US1.GE,D,20130314,000000,23.5600000,23.7600000,23.5100000,23.6800000,2434826
US1.GE,D,20130315,000000,23.4400000,23.7200000,23.3650000,23.4250000,2257445
US1.GE,D,20130318,000000,23.1700000,23.3500000,23.1400000,23.2600000,2597264
US1.GE,D,20130319,000000,23.2800000,23.3550000,23.1700000,23.3400000,3340418
US1.GE,D,20130320,000000,23.7000000,23.7900000,23.3350000,23.4600000,2699115
US1.GE,D,20130321,000000,23.4200000,23.5900000,23.2900000,23.2900000,3108751
US1.GE,D,20130322,000000,23.3000000,23.4000000,23.2900000,23.3900000,2287917
US1.GE,D,20130325,000000,23.4600000,23.4700000,23.0500000,23.2400000,3160853
US1.GE,D,20130326,000000,23.2800000,23.3000000,23.0100000,23.1300000,1696727
US1.GE,D,20130327,000000,22.9700000,23.1400000,22.8500000,23.1200000,1901936
US1.GE,D,20130328,000000,23.1400000,23.1950000,22.9950000,23.1000000,1696779
US1.GE,D,20130401,000000,23.0300000,23.1000000,22.9800000,23.0750000,3173994
US1.GE,D,20130402,000000,23.1800000,23.3700000,23.1100000,23.3300000,1868710
US1.GE,D,20130403,000000,23.3700000,23.3900000,22.9200000,23.0000000,4163417
US1.GE,D,20130404,000000,23.0100000,23.1300000,22.9700000,23.0800000,1943982
US1.GE,D,20130405,000000,22.8100000,22.9400000,22.7650000,22.9300000,1769228
US1.GE,D,20130408,000000,23.0400000,23.1100000,22.8300000,23.1100000,1906658
US1.GE,D,20130409,000000,23.2500000,23.2500000,22.9050000,23.0500000,2239351
US1.GE,D,20130410,000000,23.0800000,23.6450000,23.0600000,23.5750000,2269023
US1.GE,D,20130411,000000,23.5500000,23.7200000,23.4400000,23.5800000,1682161
US1.GE,D,20130412,000000,23.4900000,23.5800000,23.3300000,23.4600000,1618998
US1.GE,D,20130415,000000,23.2800000,23.2900000,22.8100000,22.8100000,2847521
US1.GE,D,20130416,000000,23.0700000,23.0950000,22.9000000,23.0950000,1979434
US1.GE,D,20130417,000000,22.9600000,23.0200000,22.6500000,22.7500000,2807040
US1.GE,D,20130418,000000,22.7500000,22.8400000,22.5800000,22.6800000,2783751
US1.GE,D,20130419,000000,21.9500000,22.0300000,21.6100000,21.7400000,6279924
US1.GE,D,20130422,000000,21.6700000,21.6700000,21.1200000,21.3400000,6046060
US1.GE,D,20130423,000000,21.5600000,21.6800000,21.3650000,21.5050000,4809553
US1.GE,D,20130424,000000,21.6600000,22.0300000,21.6600000,21.9600000,3277783
US1.GE,D,20130425,000000,22.2100000,22.2300000,21.9150000,21.9550000,2144543
US1.GE,D,20130426,000000,22.0200000,22.4000000,21.9700000,22.2100000,2936650
US1.GE,D,20130429,000000,22.3100000,22.3150000,22.0050000,22.2600000,2043501
US1.GE,D,20130430,000000,22.2900000,22.3800000,22.2100000,22.2700000,1859668
US1.GE,D,20130501,000000,22.1400000,22.3400000,22.1300000,22.1600000,3739108
US1.GE,D,20130502,000000,22.2300000,22.3150000,22.1500000,22.3150000,1355731
US1.GE,D,20130503,000000,22.5500000,22.8450000,22.5500000,22.5550000,2877904
US1.GE,D,20130506,000000,22.5300000,22.6400000,22.3200000,22.5900000,1939455
US1.GE,D,20130507,000000,22.7000000,22.7900000,22.6200000,22.6800000,1902751
US1.GE,D,20130508,000000,22.6800000,23.0200000,22.6200000,23.0000000,3003003
US1.GE,D,20130509,000000,22.9900000,23.1000000,22.6950000,22.7800000,2121751
US1.GE,D,20130510,000000,22.7600000,22.9000000,22.5900000,22.8800000,2221464
US1.GE,D,20130513,000000,22.8400000,22.8800000,22.6250000,22.8550000,1894534
US1.GE,D,20130514,000000,22.8500000,23.0600000,22.8200000,23.0200000,2318650
US1.GE,D,20130515,000000,23.0100000,23.2450000,22.9100000,23.2300000,2733159
US1.GE,D,20130516,000000,23.1200000,23.3500000,23.1200000,23.2500000,2497351
US1.GE,D,20130517,000000,23.2900000,23.4800000,23.2000000,23.4450000,2989162
US1.GE,D,20130520,000000,23.4500000,23.5800000,23.4300000,23.5700000,2734899
US1.GE,D,20130521,000000,23.6300000,23.7500000,23.5900000,23.6200000,830532
US1.GE,D,20130522,000000,23.7700000,24.1250000,23.7500000,23.8550000,5579229
US1.GE,D,20130523,000000,23.5200000,23.7450000,23.4550000,23.6700000,3713996
US1.GE,D,20130524,000000,23.4900000,23.6700000,23.4900000,23.5300000,5052420
US1.GE,D,20130528,000000,23.7700000,23.8300000,23.5750000,23.6050000,4254468
US1.GE,D,20130529,000000,23.4300000,23.6950000,23.4050000,23.6400000,2881024
US1.GE,D,20130530,000000,23.6100000,23.7600000,23.5100000,23.5950000,2052896
US1.GE,D,20130531,000000,23.5700000,23.7850000,23.3300000,23.3300000,3809049
US1.GE,D,20130603,000000,23.3700000,23.7750000,23.3300000,23.6400000,3854598
US1.GE,D,20130604,000000,23.6300000,23.7600000,23.4150000,23.6600000,3493914
US1.GE,D,20130605,000000,23.5400000,23.5700000,23.2100000,23.3200000,4304408
US1.GE,D,20130606,000000,23.2200000,23.3800000,23.1000000,23.3700000,3813577
US1.GE,D,20130607,000000,23.5700000,23.9500000,23.4700000,23.8650000,3117299
US1.GE,D,20130610,000000,23.8700000,23.9200000,23.6450000,23.7800000,3195893
US1.GE,D,20130611,000000,23.4800000,23.6900000,23.4800000,23.5800000,2360534
US1.GE,D,20130612,000000,23.7300000,23.7300000,23.4200000,23.5000000,2264040
US1.GE,D,20130613,000000,23.4600000,23.7800000,23.3500000,23.6900000,2694837
US1.GE,D,20130614,000000,23.6800000,23.7500000,23.4600000,23.5100000,1922523
US1.GE,D,20130617,000000,23.7400000,23.8450000,23.6500000,23.7800000,1936468
US1.GE,D,20130618,000000,23.8500000,24.4450000,23.7700000,24.3400000,3774294
US1.GE,D,20130619,000000,24.2600000,24.3500000,23.9900000,23.9900000,3290636
US1.GE,D,20130620,000000,23.5700000,23.6800000,23.2050000,23.2500000,4101460
US1.GE,D,20130621,000000,23.5800000,23.6400000,23.2100000,23.3700000,3664275
US1.GE,D,20130624,000000,23.1500000,23.1500000,22.7600000,22.9300000,3836378
US1.GE,D,20130625,000000,23.1650000,23.2450000,22.9350000,23.1200000,2351638
US1.GE,D,20130626,000000,23.4200000,23.4400000,23.0300000,23.2400000,2100119
US1.GE,D,20130627,000000,23.4100000,23.4800000,23.2650000,23.3450000,1469203
US1.GE,D,20130628,000000,23.3300000,23.4400000,23.1700000,23.1900000,2481977
US1.GE,D,20130701,000000,23.2100000,23.6400000,23.1900000,23.3300000,2597616
US1.GE,D,20130702,000000,23.2600000,23.3300000,22.8850000,22.9000000,2814079
US1.GE,D,20130703,000000,22.8300000,22.9800000,22.7600000,22.9000000,1327093
US1.GE,D,20130705,000000,23.1900000,23.2350000,22.9550000,23.2300000,1212124
US1.GE,D,20130708,000000,23.3700000,23.5250000,23.2750000,23.3200000,1393147
US1.GE,D,20130709,000000,23.5200000,23.7950000,23.5200000,23.6300000,1458280
US1.GE,D,20130710,000000,23.7300000,23.7300000,23.3650000,23.5600000,1767336
US1.GE,D,20130711,000000,23.9100000,23.9500000,23.6350000,23.9300000,1831917
US1.GE,D,20130712,000000,24.0000000,24.0000000,23.5900000,23.7300000,1870701
US1.GE,D,20130715,000000,23.7300000,23.7400000,23.5600000,23.6250000,1848643
US1.GE,D,20130716,000000,23.6700000,23.6700000,23.3450000,23.4250000,2576869
US1.GE,D,20130717,000000,23.5400000,23.6050000,23.4350000,23.5450000,1595631
US1.GE,D,20130718,000000,23.6200000,23.9350000,23.5600000,23.6400000,2877614
US1.GE,D,20130719,000000,24.2100000,24.9500000,24.1100000,24.7200000,7774691
US1.GE,D,20130722,000000,24.7700000,24.9200000,24.7350000,24.8600000,2633191
US1.GE,D,20130723,000000,24.8650000,24.8700000,24.6350000,24.7100000,1607261
US1.GE,D,20130724,000000,24.7900000,24.8350000,24.5650000,24.6200000,1493499
US1.GE,D,20130725,000000,24.6100000,24.6900000,24.5200000,24.6900000,1555932
US1.GE,D,20130726,000000,24.6300000,24.6550000,24.5000000,24.6500000,2042132
US1.GE,D,20130729,000000,24.5400000,24.5900000,24.4650000,24.5000000,1507068
US1.GE,D,20130730,000000,24.5700000,24.6400000,24.4100000,24.4850000,2247100
US1.GE,D,20130731,000000,24.5700000,24.6800000,24.3650000,24.3800000,2454715
US1.GE,D,20130801,000000,24.6100000,24.8600000,24.5300000,24.6100000,1730044
US1.GE,D,20130802,000000,24.5400000,24.7000000,24.4000000,24.6900000,1519552
US1.GE,D,20130805,000000,24.5600000,24.5950000,24.4900000,24.5100000,1107626
US1.GE,D,20130806,000000,24.4850000,24.4950000,24.2500000,24.3150000,816974
US1.GE,D,20130807,000000,24.1900000,24.3400000,24.0900000,24.3300000,1770010
US1.GE,D,20130808,000000,24.5100000,24.5400000,24.2200000,24.3200000,1524740
US1.GE,D,20130809,000000,24.3200000,24.4300000,24.2200000,24.2500000,1239772
US1.GE,D,20130812,000000,24.1400000,24.2900000,24.0700000,24.2700000,2026036
US1.GE,D,20130813,000000,24.3000000,24.3000000,24.1050000,24.2100000,2324261
US1.GE,D,20130814,000000,24.2000000,24.2800000,24.0500000,24.0700000,1516111
US1.GE,D,20130815,000000,23.9700000,24.2550000,23.9250000,23.9900000,2527847
US1.GE,D,20130816,000000,23.8700000,24.0500000,23.8600000,23.9400000,2741197
US1.GE,D,20130819,000000,23.9000000,23.9500000,23.7600000,23.8400000,1774594
US1.GE,D,20130820,000000,23.7900000,23.8500000,23.6300000,23.7400000,1572594
US1.GE,D,20130821,000000,23.7200000,23.7900000,23.5650000,23.5900000,3052841
US1.GE,D,20130822,000000,23.6600000,23.7950000,23.6100000,23.7750000,1570674
US1.GE,D,20130823,000000,23.8000000,23.8400000,23.6800000,23.7600000,1038622
US1.GE,D,20130826,000000,23.7400000,23.7900000,23.5650000,23.6100000,1522950
US1.GE,D,20130827,000000,23.3600000,23.3900000,23.1100000,23.1800000,2989859
US1.GE,D,20130828,000000,23.1600000,23.3900000,23.1600000,23.2100000,1606169
US1.GE,D,20130829,000000,23.1600000,23.2900000,23.0950000,23.1100000,1051986
US1.GE,D,20130830,000000,23.4300000,23.5000000,23.0400000,23.1000000,2784504
US1.GE,D,20130903,000000,23.3100000,23.4450000,22.9250000,23.0400000,3341261
US1.GE,D,20130904,000000,22.9900000,23.1750000,22.9600000,23.1600000,1555311
US1.GE,D,20130905,000000,23.3500000,23.3500000,23.0950000,23.1400000,1844657
US1.GE,D,20130906,000000,23.1700000,23.3800000,22.9650000,23.1700000,2456533
US1.GE,D,20130909,000000,23.2700000,23.4600000,23.1850000,23.3800000,1473338
US1.GE,D,20130910,000000,23.6800000,23.9350000,23.6200000,23.8800000,2559053
US1.GE,D,20130911,000000,23.9700000,24.0850000,23.7250000,24.0800000,1783460
US1.GE,D,20130912,000000,24.1600000,24.2000000,23.7700000,23.8500000,2343470
US1.GE,D,20130913,000000,23.7750000,23.8900000,23.7500000,23.7900000,1124635
US1.GE,D,20130916,000000,24.0600000,24.2300000,23.9350000,24.1500000,2238315
US1.GE,D,20130917,000000,24.1300000,24.4650000,24.1100000,24.4600000,1895352
US1.GE,D,20130918,000000,24.4900000,24.9100000,24.4100000,24.8400000,3682859
US1.GE,D,20130919,000000,24.8200000,24.8850000,24.4050000,24.4500000,3162550
US1.GE,D,20130920,000000,24.5500000,24.5600000,24.0000000,24.0100000,3152868
US1.GE,D,20130923,000000,24.2000000,24.3800000,24.1600000,24.2900000,2678519
US1.GE,D,20130924,000000,24.2600000,24.5350000,24.2400000,24.3200000,1884889
US1.GE,D,20130925,000000,24.3000000,24.4800000,24.2050000,24.2300000,2241413
US1.GE,D,20130926,000000,24.2800000,24.5100000,23.9650000,24.2450000,2122497
US1.GE,D,20130927,000000,24.1000000,24.1000000,23.9500000,24.0300000,1545531
US1.GE,D,20130930,000000,23.8700000,24.0800000,23.8200000,23.9000000,2024031
US1.GE,D,20131001,000000,23.9150000,24.2150000,23.9000000,24.1800000,1958899
US1.GE,D,20131002,000000,24.1400000,24.3500000,24.0550000,24.3100000,2143661
US1.GE,D,20131003,000000,24.2200000,24.2300000,23.8400000,24.1000000,2709269
US1.GE,D,20131004,000000,24.1800000,24.1800000,23.9050000,24.0450000,2456086
US1.GE,D,20131007,000000,23.8400000,24.1200000,23.8000000,23.9400000,1719683
US1.GE,D,20131008,000000,23.9000000,23.9150000,23.6700000,23.6800000,3423870
US1.GE,D,20131009,000000,23.8400000,23.8400000,23.5050000,23.5800000,3155223
US1.GE,D,20131010,000000,23.9100000,24.2500000,23.8200000,24.2450000,2904510
US1.GE,D,20131011,000000,24.3200000,24.4900000,24.2000000,24.3950000,3252285
US1.GE,D,20131014,000000,24.2000000,24.3800000,24.1600000,24.3700000,1965590
US1.GE,D,20131015,000000,24.2700000,24.4400000,24.1550000,24.1900000,2402510
US1.GE,D,20131016,000000,24.2900000,24.4000000,24.1300000,24.3500000,2158684
US1.GE,D,20131017,000000,24.3700000,24.5400000,24.2300000,24.5000000,2540480
US1.GE,D,20131018,000000,25.2100000,25.7450000,25.1000000,25.5750000,6080932
US1.GE,D,20131021,000000,25.8700000,26.3450000,25.7900000,26.1500000,4962316
US1.GE,D,20131022,000000,26.1900000,26.2400000,25.9800000,26.0150000,2888069
US1.GE,D,20131023,000000,25.9900000,25.9900000,25.6400000,25.6850000,3410205
US1.GE,D,20131024,000000,25.8400000,26.0150000,25.6750000,25.9400000,2444313
US1.GE,D,20131025,000000,26.0600000,26.0750000,25.8050000,25.8850000,2127625
US1.GE,D,20131028,000000,25.8700000,26.1500000,25.7700000,26.1000000,1983357
US1.GE,D,20131029,000000,26.1900000,26.3000000,26.0700000,26.2200000,3222507
US1.GE,D,20131030,000000,26.2900000,26.4750000,26.1950000,26.3650000,3601660
US1.GE,D,20131031,000000,26.3800000,26.4350000,26.1200000,26.1500000,3070428
US1.GE,D,20131101,000000,26.0300000,26.6350000,26.0300000,26.5500000,5586492
US1.GE,D,20131104,000000,26.5900000,26.5900000,26.3150000,26.4500000,1933159
US1.GE,D,20131105,000000,26.3000000,26.5200000,26.2600000,26.4100000,2097651
US1.GE,D,20131106,000000,26.4700000,26.9700000,26.4500000,26.9000000,5624811
US1.GE,D,20131107,000000,26.9400000,27.1900000,26.6050000,26.6200000,5698763
US1.GE,D,20131108,000000,26.4100000,26.9050000,26.4000000,26.8350000,1939695
US1.GE,D,20131111,000000,27.0200000,27.0350000,26.9000000,27.0050000,2055292
US1.GE,D,20131112,000000,26.9200000,27.1350000,26.8200000,27.0550000,3423848
US1.GE,D,20131113,000000,26.9700000,27.1450000,26.7550000,27.1300000,2776086
US1.GE,D,20131114,000000,27.1800000,27.1900000,26.8650000,26.9900000,2635130
US1.GE,D,20131115,000000,27.0100000,27.4300000,26.9800000,27.2100000,3960009
US1.GE,D,20131118,000000,27.2800000,27.5000000,27.1100000,27.2100000,2867070
US1.GE,D,20131119,000000,27.1300000,27.3200000,26.9200000,27.0300000,2460796
US1.GE,D,20131120,000000,26.9900000,27.1700000,26.8800000,26.9650000,2214607
US1.GE,D,20131121,000000,27.0100000,27.0100000,26.7700000,26.9100000,2779980
US1.GE,D,20131122,000000,26.8750000,27.0800000,26.8600000,27.0700000,1421453
US1.GE,D,20131125,000000,27.1600000,27.1700000,26.7600000,26.8200000,1919359
US1.GE,D,20131126,000000,26.7450000,26.9400000,26.7450000,26.8550000,1439729
US1.GE,D,20131127,000000,26.8300000,26.8950000,26.7500000,26.8300000,1477968
US1.GE,D,20131129,000000,26.7550000,26.8600000,26.6300000,26.6600000,1104162
US1.GE,D,20131202,000000,26.6400000,26.7300000,26.5600000,26.6600000,2847345
US1.GE,D,20131203,000000,26.5800000,26.6000000,26.3400000,26.5550000,2419061
US1.GE,D,20131204,000000,26.3400000,26.6550000,26.2000000,26.6400000,3219204
US1.GE,D,20131205,000000,26.6300000,26.6300000,26.3450000,26.4500000,2549825
US1.GE,D,20131206,000000,26.7700000,26.9750000,26.6800000,26.9300000,1920559
US1.GE,D,20131209,000000,26.9300000,27.3250000,26.8800000,27.2100000,1700175
US1.GE,D,20131210,000000,27.0800000,27.3800000,27.0750000,27.1400000,2335631
US1.GE,D,20131211,000000,27.1100000,27.1250000,26.5400000,26.5750000,3728706
US1.GE,D,20131212,000000,26.5000000,26.7000000,26.4800000,26.5400000,3206389
US1.GE,D,20131213,000000,26.6000000,26.9300000,26.5100000,26.8400000,3500086
US1.GE,D,20131216,000000,26.9400000,27.0850000,26.8700000,26.9800000,3036282
US1.GE,D,20131217,000000,27.0900000,27.1350000,26.9450000,27.0200000,1810693
US1.GE,D,20131218,000000,27.0400000,27.4600000,26.8400000,27.4100000,4608833
US1.GE,D,20131219,000000,27.1700000,27.4000000,26.8300000,27.3100000,3098649
US1.GE,D,20131220,000000,27.2700000,27.4700000,27.0250000,27.4250000,3553836
US1.GE,D,20131223,000000,27.4300000,27.4900000,27.2750000,27.4000000,1611989
US1.GE,D,20131224,000000,27.4100000,27.6550000,27.3700000,27.6200000,819652
US1.GE,D,20131226,000000,27.7000000,27.9500000,27.6000000,27.8300000,1327832
US1.GE,D,20131227,000000,27.8500000,27.9300000,27.7600000,27.8400000,1356783
US1.GE,D,20131230,000000,27.8500000,27.9800000,27.8050000,27.8800000,1192928
US1.GE,D,20131231,000000,27.9000000,28.0850000,27.8400000,28.0400000,1672017
US1.GE,D,20140102,000000,27.8600000,27.9400000,27.4150000,27.4900000,2690576
US1.GE,D,20140103,000000,27.5200000,27.5950000,27.4150000,27.4700000,1704197
US1.GE,D,20140106,000000,27.6400000,27.7200000,27.1500000,27.2500000,1878975
US1.GE,D,20140107,000000,27.4400000,27.4900000,27.2100000,27.2800000,1391369
US1.GE,D,20140108,000000,27.3500000,27.3600000,27.1250000,27.2000000,1813590
US1.GE,D,20140109,000000,27.3200000,27.3200000,26.9350000,27.2200000,2756157
US1.GE,D,20140110,000000,27.1900000,27.2100000,26.8600000,26.9700000,2446463
US1.GE,D,20140113,000000,27.0000000,27.0900000,26.6800000,26.7100000,2607126
US1.GE,D,20140114,000000,26.8400000,27.0000000,26.7500000,26.9700000,1887590
US1.GE,D,20140115,000000,27.1500000,27.3900000,27.0200000,27.3150000,2186238
US1.GE,D,20140116,000000,27.2250000,27.2500000,27.0750000,27.2000000,1699380
US1.GE,D,20140117,000000,26.9000000,26.9000000,26.2800000,26.5600000,5620121
US1.GE,D,20140121,000000,26.7300000,26.7400000,26.0500000,26.2900000,3155301
US1.GE,D,20140122,000000,26.2900000,26.3050000,26.0000000,26.0000000,2491811
US1.GE,D,20140123,000000,25.9800000,25.9800000,25.5350000,25.7500000,2802785
US1.GE,D,20140124,000000,25.5700000,25.5700000,24.9500000,24.9750000,6562574
US1.GE,D,20140127,000000,25.2500000,25.2850000,24.9000000,25.0700000,3758270
US1.GE,D,20140128,000000,25.3500000,25.6150000,25.3100000,25.4550000,3164726
US1.GE,D,20140129,000000,25.3200000,25.5100000,25.1650000,25.3000000,3355178
US1.GE,D,20140130,000000,25.5000000,25.5900000,25.3400000,25.5000000,1883686
US1.GE,D,20140131,000000,25.1700000,25.3700000,25.0750000,25.1250000,3119657
US1.GE,D,20140203,000000,25.0900000,25.2100000,24.3200000,24.3500000,5685169
US1.GE,D,20140204,000000,24.5200000,24.7700000,24.4100000,24.5650000,3445017
US1.GE,D,20140205,000000,24.4600000,24.6400000,24.3200000,24.5300000,3293788
US1.GE,D,20140206,000000,24.8000000,25.1000000,24.6250000,24.9500000,2788434
US1.GE,D,20140207,000000,25.2000000,25.2700000,25.0050000,25.1700000,2223611
US1.GE,D,20140210,000000,25.3500000,25.3900000,24.9350000,25.0300000,2167572
US1.GE,D,20140211,000000,25.2100000,25.5100000,25.1600000,25.4100000,1572657
US1.GE,D,20140212,000000,25.5700000,25.6300000,25.3550000,25.4000000,1379129
US1.GE,D,20140213,000000,25.2300000,25.4400000,25.1100000,25.4300000,2400682
US1.GE,D,20140214,000000,25.4700000,25.8400000,25.3800000,25.7200000,1563681
US1.GE,D,20140218,000000,26.0000000,26.0300000,25.6500000,25.6550000,1730791
US1.GE,D,20140219,000000,25.6700000,25.7700000,25.3900000,25.4000000,2171200
US1.GE,D,20140220,000000,25.2700000,25.3100000,25.0200000,25.1300000,2450230
US1.GE,D,20140221,000000,25.1400000,25.1850000,24.9450000,24.9500000,1843294
US1.GE,D,20140224,000000,25.0400000,25.4450000,24.9650000,25.2700000,1903732
US1.GE,D,20140225,000000,25.3700000,25.4800000,25.1700000,25.2800000,2048315
US1.GE,D,20140226,000000,25.3400000,25.3500000,25.1100000,25.3350000,1918701
US1.GE,D,20140227,000000,25.2100000,25.5550000,25.1600000,25.4900000,1003593
US1.GE,D,20140228,000000,25.5400000,25.6900000,25.3200000,25.4750000,1386741
US1.GE,D,20140303,000000,25.1600000,25.1800000,24.9250000,25.1100000,1767032
US1.GE,D,20140304,000000,25.5200000,25.7300000,25.4700000,25.6300000,1715047
US1.GE,D,20140305,000000,25.7850000,25.9550000,25.6500000,25.9350000,1667417
US1.GE,D,20140306,000000,26.0400000,26.2800000,26.0300000,26.2300000,1700038
US1.GE,D,20140307,000000,26.3300000,26.3400000,25.9750000,26.1200000,1806383
US1.GE,D,20140310,000000,26.1100000,26.1200000,25.8400000,26.0300000,1371913
US1.GE,D,20140311,000000,26.0600000,26.0900000,25.7700000,25.9000000,1533540
US1.GE,D,20140312,000000,25.7150000,25.8300000,25.6350000,25.7550000,988237
US1.GE,D,20140313,000000,26.0000000,26.0000000,25.2100000,25.3400000,2221786
US1.GE,D,20140314,000000,25.2700000,25.3800000,25.0900000,25.1200000,1967920
US1.GE,D,20140317,000000,25.2500000,25.6200000,25.2500000,25.4200000,3039963
US1.GE,D,20140318,000000,25.5200000,25.7300000,25.4800000,25.6500000,1073753
US1.GE,D,20140319,000000,25.6800000,25.6900000,25.1200000,25.2850000,2105194
US1.GE,D,20140320,000000,25.3500000,25.3500000,25.1300000,25.2900000,2098628
US1.GE,D,20140321,000000,25.7000000,25.7300000,25.3400000,25.3800000,1936046
US1.GE,D,20140324,000000,25.4900000,25.5300000,25.2000000,25.4200000,1607925
US1.GE,D,20140325,000000,25.5800000,25.7100000,25.3900000,25.7100000,1750441
US1.GE,D,20140326,000000,25.8400000,25.9150000,25.6000000,25.6350000,2459160
US1.GE,D,20140327,000000,25.6000000,25.8500000,25.5200000,25.7850000,1808931
US1.GE,D,20140328,000000,25.9000000,26.0200000,25.7800000,25.9000000,1445992
US1.GE,D,20140331,000000,26.0100000,26.0700000,25.8100000,25.9000000,1446736
US1.GE,D,20140401,000000,25.8100000,25.9850000,25.7500000,25.8600000,1339545
US1.GE,D,20140402,000000,25.9200000,26.0550000,25.8700000,26.0500000,1672994
US1.GE,D,20140403,000000,26.1600000,26.2500000,26.0500000,26.2200000,1293233
US1.GE,D,20140404,000000,26.3700000,26.3950000,25.9950000,26.0400000,2129542
US1.GE,D,20140407,000000,25.9800000,26.0350000,25.7400000,25.8500000,1885102
US1.GE,D,20140408,000000,25.7600000,25.9200000,25.6700000,25.7400000,1555337
US1.GE,D,20140409,000000,25.8300000,25.9600000,25.5950000,25.9500000,1502306
US1.GE,D,20140410,000000,26.0900000,26.1000000,25.5900000,25.5950000,2602299
US1.GE,D,20140411,000000,25.4900000,25.7500000,25.4300000,25.4400000,2579749
US1.GE,D,20140414,000000,25.5850000,25.7450000,25.4300000,25.6950000,1543220
US1.GE,D,20140415,000000,25.6900000,25.8800000,25.5800000,25.8250000,1864526
US1.GE,D,20140416,000000,26.0100000,26.1950000,25.8900000,26.0900000,2306944
US1.GE,D,20140417,000000,26.4700000,26.7600000,26.4600000,26.5600000,2953895
US1.GE,D,20140421,000000,26.6000000,26.7100000,26.5650000,26.5800000,1106949
US1.GE,D,20140422,000000,26.6800000,26.7700000,26.5750000,26.5800000,1272082
US1.GE,D,20140423,000000,26.5750000,26.6600000,26.3900000,26.4300000,1557502
US1.GE,D,20140424,000000,26.4400000,26.6300000,26.2400000,26.4550000,1653332
US1.GE,D,20140425,000000,26.5900000,26.8000000,26.5500000,26.6200000,1948273
US1.GE,D,20140428,000000,26.7300000,26.8500000,26.5400000,26.7800000,1828574
US1.GE,D,20140429,000000,26.8300000,26.8700000,26.6000000,26.7500000,1187151
US1.GE,D,20140430,000000,26.7900000,26.9000000,26.6500000,26.8800000,1438342
US1.GE,D,20140501,000000,26.7300000,26.8250000,26.6400000,26.7700000,1338853
US1.GE,D,20140502,000000,26.7500000,26.8700000,26.6700000,26.6800000,1277730
US1.GE,D,20140505,000000,26.6200000,26.6600000,26.5000000,26.5800000,804319
US1.GE,D,20140506,000000,26.5000000,26.5200000,26.1950000,26.2000000,1165050
US1.GE,D,20140507,000000,26.2700000,26.5300000,26.2700000,26.5200000,1296206
US1.GE,D,20140508,000000,26.5200000,26.5950000,26.3050000,26.4350000,1642190
US1.GE,D,20140509,000000,26.5600000,26.5600000,26.3100000,26.4200000,1191429
US1.GE,D,20140512,000000,26.5500000,26.8550000,26.5200000,26.8400000,1154947
US1.GE,D,20140513,000000,26.8700000,26.9500000,26.7800000,26.9300000,994870
US1.GE,D,20140514,000000,26.9200000,26.9500000,26.6800000,26.7500000,1003062
US1.GE,D,20140515,000000,26.7400000,26.7950000,26.3200000,26.6200000,2365451
US1.GE,D,20140516,000000,26.4900000,26.6800000,26.3800000,26.6600000,1100336
US1.GE,D,20140519,000000,26.5500000,26.6900000,26.4900000,26.6350000,711243
US1.GE,D,20140520,000000,26.6000000,26.6150000,26.1600000,26.3050000,911511
US1.GE,D,20140521,000000,26.4000000,26.5200000,26.3700000,26.4650000,709537
US1.GE,D,20140522,000000,26.4700000,26.5700000,26.3100000,26.5000000,632934
US1.GE,D,20140523,000000,26.5500000,26.5700000,26.4300000,26.5100000,579711
US1.GE,D,20140527,000000,26.5400000,26.6250000,26.4600000,26.5750000,698186
US1.GE,D,20140528,000000,26.5900000,26.7050000,26.5400000,26.6700000,971166
US1.GE,D,20140529,000000,26.6800000,26.7200000,26.5500000,26.7150000,748609
US1.GE,D,20140530,000000,26.6400000,26.7800000,26.6050000,26.7700000,753346
US1.GE,D,20140602,000000,26.7300000,26.8400000,26.6100000,26.8150000,784273
US1.GE,D,20140603,000000,26.7400000,26.8100000,26.6700000,26.7700000,930792
US1.GE,D,20140604,000000,26.7300000,26.7300000,26.5450000,26.5550000,666921
US1.GE,D,20140605,000000,26.5500000,26.7800000,26.4500000,26.7750000,1187478
US1.GE,D,20140606,000000,26.8100000,27.2400000,26.7700000,27.1450000,1230676
US1.GE,D,20140609,000000,27.0700000,27.5250000,27.0100000,27.4350000,1270468
US1.GE,D,20140610,000000,27.3600000,27.4550000,27.2400000,27.4000000,894032
US1.GE,D,20140611,000000,27.3200000,27.3550000,27.0650000,27.1700000,1289146
US1.GE,D,20140612,000000,27.1200000,27.1550000,26.8900000,26.9400000,1405861
US1.GE,D,20140613,000000,26.9200000,27.0700000,26.8850000,27.0050000,989149
US1.GE,D,20140616,000000,26.9500000,26.9700000,26.7550000,26.8300000,982094
US1.GE,D,20140617,000000,26.7800000,26.9750000,26.6850000,26.8800000,1232596
US1.GE,D,20140618,000000,26.8600000,26.9350000,26.6900000,26.9250000,1351084
US1.GE,D,20140619,000000,26.6600000,26.9800000,26.6600000,26.9250000,1433722
US1.GE,D,20140620,000000,26.9600000,27.0400000,26.8700000,26.9800000,1281341
US1.GE,D,20140623,000000,27.0500000,27.0550000,26.6000000,26.6800000,1251156
US1.GE,D,20140624,000000,26.6700000,26.8750000,26.5150000,26.5850000,1281384
US1.GE,D,20140625,000000,26.4700000,26.5100000,26.3400000,26.4250000,1538398
US1.GE,D,20140626,000000,26.4400000,26.4600000,26.2000000,26.2800000,1550691
US1.GE,D,20140627,000000,26.2600000,26.4100000,26.2300000,26.3950000,1105116
US1.GE,D,20140630,000000,26.4400000,26.4400000,26.2250000,26.2700000,1254179
US1.GE,D,20140701,000000,26.2750000,26.5000000,26.2600000,26.3900000,1086638
US1.GE,D,20140702,000000,26.3500000,26.6500000,26.3500000,26.6100000,865543
US1.GE,D,20140703,000000,26.8100000,26.8850000,26.7850000,26.8400000,678088
US1.GE,D,20140707,000000,26.8050000,26.8400000,26.6850000,26.7400000,1436056
US1.GE,D,20140708,000000,26.6400000,26.6400000,26.3600000,26.3600000,1323691
US1.GE,D,20140709,000000,26.4100000,26.4200000,26.2700000,26.3000000,1996311
US1.GE,D,20140710,000000,26.1200000,26.2800000,26.1000000,26.2050000,2324083
US1.GE,D,20140711,000000,26.2100000,26.5500000,26.1200000,26.5500000,2065639
US1.GE,D,20140714,000000,26.6300000,26.8600000,26.6300000,26.6550000,1115412
US1.GE,D,20140715,000000,26.7500000,26.7950000,26.5500000,26.6350000,3043725
US1.GE,D,20140716,000000,26.6900000,27.1450000,26.6650000,26.9900000,2638063
US1.GE,D,20140717,000000,26.9200000,26.9750000,26.6050000,26.6200000,2822230
US1.GE,D,20140718,000000,26.7800000,26.7800000,26.2550000,26.4700000,3454110
US1.GE,D,20140721,000000,26.3000000,26.3100000,25.7200000,25.9900000,3579038
US1.GE,D,20140722,000000,26.0900000,26.1000000,25.8500000,26.0100000,1509002
US1.GE,D,20140723,000000,26.0400000,26.0750000,25.9250000,25.9250000,1632015
US1.GE,D,20140724,000000,25.9700000,26.0750000,25.9050000,25.9300000,1064907
US1.GE,D,20140725,000000,25.9700000,25.9900000,25.7350000,25.7900000,1056596
US1.GE,D,20140728,000000,25.6700000,25.7300000,25.4400000,25.5850000,1717300
US1.GE,D,20140729,000000,25.5700000,25.7150000,25.4600000,25.4600000,1235542
US1.GE,D,20140730,000000,25.5500000,25.7900000,25.4000000,25.6500000,2059011
US1.GE,D,20140731,000000,25.5000000,25.5550000,25.1550000,25.1650000,1839104
US1.GE,D,20140801,000000,25.0500000,25.3550000,24.7600000,25.3500000,2437148
US1.GE,D,20140804,000000,25.3000000,25.4100000,25.1000000,25.2750000,1480646
US1.GE,D,20140805,000000,25.0900000,25.2800000,24.9550000,25.0200000,1898199
US1.GE,D,20140806,000000,25.1400000,25.5650000,25.1000000,25.4300000,3452791
US1.GE,D,20140807,000000,25.6000000,25.6900000,25.4250000,25.5100000,1991672
US1.GE,D,20140808,000000,25.4700000,25.6650000,25.3050000,25.6500000,1387165
US1.GE,D,20140811,000000,25.8300000,26.0000000,25.7250000,25.7850000,1215596
US1.GE,D,20140812,000000,25.8200000,25.8500000,25.5950000,25.6100000,1249291
US1.GE,D,20140813,000000,25.7600000,25.9150000,25.7100000,25.8300000,1274887
US1.GE,D,20140814,000000,25.8600000,25.9400000,25.7400000,25.8850000,1378825
US1.GE,D,20140815,000000,25.9400000,25.9600000,25.5150000,25.6250000,1776859
US1.GE,D,20140818,000000,25.8900000,26.0600000,25.8550000,26.0550000,1068183
US1.GE,D,20140819,000000,26.0800000,26.1550000,26.0500000,26.0600000,682049
US1.GE,D,20140820,000000,26.0700000,26.4000000,26.0200000,26.3600000,2300301
US1.GE,D,20140821,000000,26.4300000,26.4450000,26.3050000,26.4250000,923754
US1.GE,D,20140822,000000,26.3400000,26.3500000,26.1200000,26.1500000,1014891
US1.GE,D,20140825,000000,26.1500000,26.2900000,26.0300000,26.2150000,945214
US1.GE,D,20140826,000000,26.2200000,26.2800000,26.0100000,26.0100000,1177137
US1.GE,D,20140827,000000,26.0500000,26.2000000,26.0200000,26.1200000,941948
US1.GE,D,20140828,000000,26.0500000,26.0700000,25.9700000,26.0150000,573217
US1.GE,D,20140829,000000,26.0250000,26.0900000,25.9000000,25.9700000,757197
US1.GE,D,20140902,000000,25.9200000,26.0300000,25.7750000,25.8350000,1080217
US1.GE,D,20140903,000000,25.9800000,25.9900000,25.8200000,25.9500000,726242
US1.GE,D,20140904,000000,25.9600000,26.1300000,25.8950000,25.9550000,1328429
US1.GE,D,20140905,000000,25.9100000,26.0950000,25.8100000,26.0900000,911073
US1.GE,D,20140908,000000,26.1100000,26.2700000,26.0650000,26.0800000,1026163
US1.GE,D,20140909,000000,26.0700000,26.1100000,25.8500000,25.9100000,1241535
US1.GE,D,20140910,000000,25.9800000,26.0300000,25.8500000,25.9600000,1199140
US1.GE,D,20140911,000000,25.9100000,26.0900000,25.8300000,26.0100000,1609882
US1.GE,D,20140912,000000,25.9600000,25.9600000,25.8000000,25.8800000,991807
US1.GE,D,20140915,000000,25.8200000,25.9450000,25.7550000,25.9200000,741936
US1.GE,D,20140916,000000,25.9100000,26.2700000,25.8800000,26.2100000,1239791
US1.GE,D,20140917,000000,26.3100000,26.3950000,26.1000000,26.2750000,1577011
US1.GE,D,20140918,000000,26.1900000,26.3500000,26.1400000,26.2200000,1670276
US1.GE,D,20140919,000000,26.3700000,26.3900000,26.2550000,26.2750000,1403586
US1.GE,D,20140922,000000,26.1800000,26.2700000,26.0350000,26.1000000,1371388
US1.GE,D,20140923,000000,25.9900000,26.1400000,25.9800000,26.0200000,1288508
US1.GE,D,20140924,000000,26.0100000,26.0100000,25.6900000,25.9500000,2008603
US1.GE,D,20140925,000000,25.8600000,25.8600000,25.5350000,25.5700000,2348015
US1.GE,D,20140926,000000,25.5800000,25.6950000,25.4300000,25.6200000,2470176
US1.GE,D,20140929,000000,25.3500000,25.5200000,25.3000000,25.4300000,1917861
US1.GE,D,20140930,000000,25.3800000,25.7000000,25.3400000,25.6400000,2095527
US1.GE,D,20141001,000000,25.4100000,25.4600000,25.0950000,25.1500000,2925391
US1.GE,D,20141002,000000,25.1400000,25.2500000,25.0150000,25.1200000,2721374
US1.GE,D,20141003,000000,25.2800000,25.4250000,25.1500000,25.3950000,1496377
US1.GE,D,20141006,000000,25.6200000,25.6200000,25.0700000,25.2300000,2491192
US1.GE,D,20141007,000000,25.1000000,25.1850000,24.8000000,24.8000000,2597653
US1.GE,D,20141008,000000,24.9500000,25.2450000,24.6650000,25.2400000,3096758
US1.GE,D,20141009,000000,25.2300000,25.3000000,24.7400000,24.8000000,2929257
US1.GE,D,20141010,000000,24.8000000,24.8700000,24.2100000,24.2650000,4452346
US1.GE,D,20141013,000000,24.2300000,24.3200000,23.9000000,23.9500000,3703296
US1.GE,D,20141014,000000,24.1800000,24.6400000,24.0450000,24.0950000,4351256
US1.GE,D,20141015,000000,23.8600000,24.3900000,23.6900000,24.2900000,7973440
US1.GE,D,20141016,000000,24.0100000,24.5100000,23.9700000,24.2400000,6634849
US1.GE,D,20141017,000000,25.0300000,25.2450000,24.7050000,24.8100000,3871718
US1.GE,D,20141020,000000,24.9000000,25.1100000,24.7150000,25.0300000,3492953
US1.GE,D,20141021,000000,25.2700000,25.5250000,25.1400000,25.4400000,1924825
US1.GE,D,20141022,000000,25.4000000,25.4750000,25.1550000,25.2000000,3425609
US1.GE,D,20141023,000000,25.4000000,25.6850000,25.4000000,25.4350000,2620894
US1.GE,D,20141024,000000,25.4900000,25.6450000,25.4200000,25.6300000,1542643
US1.GE,D,20141027,000000,25.6800000,25.6800000,25.3900000,25.5200000,1131723
US1.GE,D,20141028,000000,25.6100000,25.8800000,25.5700000,25.8700000,1879408
US1.GE,D,20141029,000000,25.8800000,25.9000000,25.3900000,25.6600000,1731452
US1.GE,D,20141030,000000,25.4200000,25.7150000,25.3200000,25.6700000,1925305
US1.GE,D,20141031,000000,25.8700000,25.9300000,25.6750000,25.8000000,2329535
US1.GE,D,20141103,000000,25.5000000,25.8300000,25.4800000,25.6900000,2343943
US1.GE,D,20141104,000000,25.7300000,25.7900000,25.5900000,25.6900000,1700697
US1.GE,D,20141105,000000,25.8700000,25.8700000,25.6800000,25.8200000,2960381
US1.GE,D,20141106,000000,25.9100000,26.3900000,25.8700000,26.3600000,2715533
US1.GE,D,20141107,000000,26.3100000,26.4900000,26.2100000,26.4100000,1703315
US1.GE,D,20141110,000000,26.4100000,26.5250000,26.3900000,26.4700000,943510
US1.GE,D,20141111,000000,26.4800000,26.4900000,26.2500000,26.4000000,1176746
US1.GE,D,20141112,000000,26.2700000,26.5900000,26.2700000,26.5100000,1366283
US1.GE,D,20141113,000000,26.4700000,26.6650000,26.3650000,26.4200000,1737761
US1.GE,D,20141114,000000,26.4200000,26.5100000,26.3900000,26.4700000,878390
US1.GE,D,20141117,000000,26.4500000,26.6750000,26.4200000,26.6100000,1380726
US1.GE,D,20141118,000000,26.7100000,27.0500000,26.7000000,27.0300000,1712054
US1.GE,D,20141119,000000,26.9900000,26.9950000,26.7700000,26.9200000,1893245
US1.GE,D,20141120,000000,26.8000000,26.9700000,26.7500000,26.8500000,996482
US1.GE,D,20141121,000000,27.1000000,27.1000000,26.8600000,26.9800000,2044499
US1.GE,D,20141124,000000,27.0100000,27.0800000,26.8100000,27.0000000,1393140
US1.GE,D,20141125,000000,27.0100000,27.0300000,26.8450000,26.8700000,1607891
US1.GE,D,20141126,000000,26.9000000,26.9600000,26.7850000,26.8600000,942609
US1.GE,D,20141128,000000,26.8000000,26.8900000,26.4500000,26.5000000,2343818
US1.GE,D,20141201,000000,26.1600000,26.2100000,25.8500000,26.0300000,3655572
US1.GE,D,20141202,000000,26.0700000,26.1950000,26.0350000,26.0400000,1310206
US1.GE,D,20141203,000000,26.1600000,26.4700000,26.0900000,26.3800000,1465382
US1.GE,D,20141204,000000,26.2600000,26.2700000,25.9200000,26.0850000,2171423
US1.GE,D,20141205,000000,26.1500000,26.1500000,25.9400000,26.0100000,1707029
US1.GE,D,20141208,000000,25.8800000,26.0900000,25.6100000,25.7000000,3091460
US1.GE,D,20141209,000000,25.4500000,25.6900000,25.2700000,25.5900000,2449056
US1.GE,D,20141210,000000,25.6200000,25.6200000,25.1550000,25.2800000,3963834
US1.GE,D,20141211,000000,25.3200000,25.6850000,25.3200000,25.4100000,3433428
US1.GE,D,20141212,000000,25.3300000,25.3300000,24.8650000,24.9100000,4484314
US1.GE,D,20141215,000000,25.0000000,25.0300000,24.4150000,24.6000000,5620698
US1.GE,D,20141216,000000,24.5900000,25.1800000,24.4050000,24.5100000,6020534
US1.GE,D,20141217,000000,24.6000000,24.7200000,24.0600000,24.6800000,8886098
US1.GE,D,20141218,000000,25.1300000,25.1500000,24.6900000,25.1400000,3593855
US1.GE,D,20141219,000000,25.1400000,25.6950000,25.0400000,25.6100000,4689214
US1.GE,D,20141222,000000,25.6900000,25.7700000,25.5550000,25.7300000,2140919
US1.GE,D,20141223,000000,25.7300000,25.9950000,25.6050000,25.8800000,2549139
US1.GE,D,20141224,000000,25.8900000,25.9300000,25.7000000,25.8400000,1398379
US1.GE,D,20141226,000000,25.8400000,25.9000000,25.7400000,25.7800000,700043
US1.GE,D,20141229,000000,25.7050000,25.8500000,25.6850000,25.7200000,1315643
US1.GE,D,20141230,000000,25.6500000,25.6900000,25.4200000,25.5600000,1325611
US1.GE,D,20141231,000000,25.4300000,25.5200000,25.2700000,25.2700000,1604113
US1.GE,D,20150102,000000,25.3400000,25.4550000,24.8750000,25.0600000,3736318
