<TICKER>,<PER>,<DATE>,<TIME>,<OPEN>,<HIGH>,<LOW>,<CLOSE>,<VOL>
US2.AAPL,D,20120103,000000,409.5100000,412.4900000,409.0000000,410.9000000,1118932
US2.AAPL,D,20120104,000000,410.2100000,414.6500000,409.3800000,413.4300000,911342
US2.AAPL,D,20120105,000000,414.9900000,418.5500000,412.7000000,418.0600000,1144960
US2.AAPL,D,20120106,000000,419.8000000,422.6700000,419.2300000,422.4500000,1142210
US2.AAPL,D,20120109,000000,425.7150000,427.7500000,421.3700000,421.6800000,1310388
US2.AAPL,D,20120110,000000,425.9550000,426.0000000,421.5400000,424.5300000,880052
US2.AAPL,D,20120111,000000,422.6800000,422.8400000,419.3100000,422.5500000,745556
US2.AAPL,D,20120112,000000,422.2800000,422.8300000,418.7600000,421.3600000,489342
US2.AAPL,D,20120113,000000,419.2900000,420.4300000,418.7200000,419.9800000,768572
US2.AAPL,D,20120117,000000,424.0300000,425.9900000,423.0000000,424.7500000,732838
US2.AAPL,D,20120118,000000,426.8300000,429.0900000,426.3100000,429.0900000,448951
US2.AAPL,D,20120119,000000,430.1700000,431.3300000,426.5700000,427.6600000,827769
US2.AAPL,D,20120120,000000,427.3600000,427.4600000,419.7600000,420.2800000,1236422
US2.AAPL,D,20120123,000000,422.8250000,428.4400000,422.3200000,427.5800000,821345
US2.AAPL,D,20120124,000000,424.8600000,424.9900000,419.6600000,420.4800000,965694
US2.AAPL,D,20120125,000000,454.1900000,454.2400000,443.7800000,446.8800000,3119178
US2.AAPL,D,20120126,000000,448.2700000,448.7700000,443.1500000,444.6500000,864927
US2.AAPL,D,20120127,000000,444.4300000,448.4700000,444.0850000,447.4100000,793118
US2.AAPL,D,20120130,000000,445.7100000,453.8900000,445.4200000,453.0000000,1056031
US2.AAPL,D,20120131,000000,455.7400000,458.2400000,453.1100000,456.3900000,859827
US2.AAPL,D,20120201,000000,458.4100000,458.9900000,455.5600000,456.1800000,794507
US2.AAPL,D,20120202,000000,456.2100000,457.1000000,453.9800000,455.0000000,602554
US2.AAPL,D,20120203,000000,457.4400000,460.0000000,455.6500000,459.4300000,812877
US2.AAPL,D,20120206,000000,458.3900000,464.9700000,458.2300000,463.9500000,761090
US2.AAPL,D,20120207,000000,465.4800000,469.7400000,464.6100000,468.8000000,887798
US2.AAPL,D,20120208,000000,470.5000000,476.7900000,469.7600000,476.6200000,1212262
US2.AAPL,D,20120209,000000,480.8800000,496.6900000,480.8800000,493.1900000,2461358
US2.AAPL,D,20120210,000000,490.8100000,497.6000000,488.5600000,493.5400000,1829818
US2.AAPL,D,20120213,000000,499.7700000,503.7900000,497.1100000,502.5200000,1323293
US2.AAPL,D,20120214,000000,504.4900000,509.5300000,502.0000000,509.3800000,1151535
US2.AAPL,D,20120215,000000,514.2600000,526.2700000,496.9100000,497.5300000,4150159
US2.AAPL,D,20120216,000000,491.3200000,504.8600000,486.6500000,502.4100000,2259728
US2.AAPL,D,20120217,000000,503.1100000,507.7700000,500.3500000,502.1100000,1399937
US2.AAPL,D,20120221,000000,507.0600000,514.8000000,504.1200000,514.6800000,1215579
US2.AAPL,D,20120222,000000,512.9900000,515.4650000,509.1400000,513.0000000,1070780
US2.AAPL,D,20120223,000000,515.1300000,517.7500000,509.5500000,516.4600000,1439460
US2.AAPL,D,20120224,000000,519.7500000,522.8850000,518.7800000,522.5400000,1046617
US2.AAPL,D,20120227,000000,521.2400000,528.4500000,516.3100000,525.8400000,1433755
US2.AAPL,D,20120228,000000,527.7400000,535.3800000,525.8600000,535.3800000,1372718
US2.AAPL,D,20120229,000000,541.3700000,547.5800000,535.7500000,542.2800000,2353702
US2.AAPL,D,20120301,000000,548.1900000,548.2000000,538.7800000,544.4100000,1679457
US2.AAPL,D,20120302,000000,544.2400000,546.7700000,542.5600000,545.1700000,1232216
US2.AAPL,D,20120305,000000,545.7500000,547.3900000,526.0100000,533.1300000,1600183
US2.AAPL,D,20120306,000000,523.5000000,533.6500000,516.3700000,530.2600000,1632495
US2.AAPL,D,20120307,000000,536.7300000,537.7300000,523.3700000,530.6000000,1482107
US2.AAPL,D,20120308,000000,534.7000000,542.9800000,532.2600000,541.7400000,1128883
US2.AAPL,D,20120309,000000,544.4700000,547.7400000,543.1600000,545.1100000,1100988
US2.AAPL,D,20120312,000000,549.0500000,551.9900000,547.0000000,551.9200000,967006
US2.AAPL,D,20120313,000000,557.7000000,568.1800000,555.7600000,568.0900000,1750904
US2.AAPL,D,20120314,000000,578.1850000,594.7000000,575.5100000,589.6000000,3610349
US2.AAPL,D,20120315,000000,599.6300000,600.0000000,578.6500000,585.5300000,3102504
US2.AAPL,D,20120316,000000,584.9500000,589.2000000,578.0000000,585.5300000,1897214
US2.AAPL,D,20120319,000000,598.4850000,601.7700000,589.0900000,601.0100000,2191698
US2.AAPL,D,20120320,000000,599.4400000,606.8800000,591.4900000,605.8600000,1855958
US2.AAPL,D,20120321,000000,602.9400000,609.6400000,601.5400000,602.5100000,1529519
US2.AAPL,D,20120322,000000,598.0900000,604.4950000,595.5700000,599.3000000,1761994
US2.AAPL,D,20120323,000000,600.3300000,601.7600000,594.5200000,596.1100000,608940
US2.AAPL,D,20120326,000000,599.8000000,607.1000000,595.2800000,606.8400000,1409448
US2.AAPL,D,20120327,000000,606.3900000,616.2600000,606.2600000,614.5700000,1266730
US2.AAPL,D,20120328,000000,618.6300000,621.3500000,610.3900000,617.4200000,1310228
US2.AAPL,D,20120329,000000,612.7800000,616.5500000,607.2400000,609.6750000,1274840
US2.AAPL,D,20120330,000000,608.7300000,610.5600000,598.0000000,599.5100000,1865787
US2.AAPL,D,20120402,000000,601.8300000,618.7200000,600.4400000,618.5600000,1207615
US2.AAPL,D,20120403,000000,627.0400000,632.1500000,622.6200000,629.2800000,1979666
US2.AAPL,D,20120404,000000,624.4900000,625.8400000,618.6000000,624.0600000,1387646
US2.AAPL,D,20120405,000000,627.0400000,634.6500000,623.5000000,633.6400000,1855546
US2.AAPL,D,20120409,000000,626.1700000,639.8200000,625.3200000,636.1600000,1381034
US2.AAPL,D,20120410,000000,639.9100000,643.9800000,626.0000000,628.3200000,2191799
US2.AAPL,D,20120411,000000,636.1700000,636.7700000,623.3500000,626.0300000,1560913
US2.AAPL,D,20120412,000000,625.0200000,631.3300000,620.5000000,622.6200000,1697486
US2.AAPL,D,20120413,000000,624.1200000,624.6800000,603.5700000,605.1800000,2131405
US2.AAPL,D,20120416,000000,610.0600000,610.1800000,578.2800000,580.6500000,2285864
US2.AAPL,D,20120417,000000,578.8800000,610.0000000,572.0200000,609.5500000,2256783
US2.AAPL,D,20120418,000000,613.8600000,620.2100000,602.7300000,608.3600000,2138471
US2.AAPL,D,20120419,000000,600.1600000,604.6200000,584.6000000,587.7500000,1972084
US2.AAPL,D,20120420,000000,591.7300000,594.5900000,570.4200000,572.5500000,2610120
US2.AAPL,D,20120423,000000,570.6700000,576.5400000,556.7600000,571.9500000,2040524
US2.AAPL,D,20120424,000000,562.9000000,567.5600000,555.0000000,560.3000000,1963704
US2.AAPL,D,20120425,000000,615.7400000,617.9700000,606.4500000,609.8400000,1934921
US2.AAPL,D,20120426,000000,614.2800000,614.2800000,602.1800000,607.4300000,1185236
US2.AAPL,D,20120427,000000,605.0700000,606.1800000,600.5100000,603.0000000,1163517
US2.AAPL,D,20120430,000000,597.9700000,598.2300000,583.0000000,584.2400000,1053507
US2.AAPL,D,20120501,000000,584.2500000,596.6700000,581.2300000,582.3700000,1346132
US2.AAPL,D,20120502,000000,580.4700000,587.3450000,579.0000000,586.0000000,995422
US2.AAPL,D,20120503,000000,590.8000000,591.4000000,580.3600000,581.7500000,997338
US2.AAPL,D,20120504,000000,577.0500000,578.3050000,565.2200000,565.3000000,1616421
US2.AAPL,D,20120507,000000,561.9000000,572.6600000,561.2300000,569.7600000,1154078
US2.AAPL,D,20120508,000000,569.9200000,571.3800000,558.7700000,568.2100000,1227181
US2.AAPL,D,20120509,000000,563.7000000,573.9400000,560.8500000,569.4000000,1128347
US2.AAPL,D,20120510,000000,575.6800000,575.8100000,568.5200000,570.4900000,881369
US2.AAPL,D,20120511,000000,565.0200000,574.4700000,564.4600000,566.5900000,1185265
US2.AAPL,D,20120514,000000,562.7800000,567.5000000,557.6000000,558.2000000,976349
US2.AAPL,D,20120515,000000,561.1900000,563.2100000,551.7500000,553.0800000,1255674
US2.AAPL,D,20120516,000000,554.0800000,556.7800000,541.0400000,546.2200000,1585043
US2.AAPL,D,20120517,000000,545.5400000,547.5000000,530.1300000,530.1400000,1839609
US2.AAPL,D,20120518,000000,533.9200000,543.3100000,528.6900000,530.4700000,1971949
US2.AAPL,D,20120521,000000,534.5600000,561.5400000,534.1700000,561.1000000,1331721
US2.AAPL,D,20120522,000000,569.5500000,573.7000000,552.6200000,556.8700000,1569250
US2.AAPL,D,20120523,000000,557.7350000,572.7900000,553.3100000,570.3500000,1582600
US2.AAPL,D,20120524,000000,575.7500000,576.4800000,561.3100000,565.1000000,1462324
US2.AAPL,D,20120525,000000,564.9600000,565.7700000,558.5000000,562.1900000,962796
US2.AAPL,D,20120529,000000,570.9700000,574.0000000,565.5000000,572.4200000,848816
US2.AAPL,D,20120530,000000,569.2700000,579.9900000,566.5950000,579.0100000,1508027
US2.AAPL,D,20120531,000000,581.0400000,581.3800000,571.4800000,577.7200000,1371940
US2.AAPL,D,20120601,000000,568.8100000,572.6300000,560.5500000,561.1900000,1586301
US2.AAPL,D,20120604,000000,561.5200000,565.7100000,548.5900000,563.8500000,1418930
US2.AAPL,D,20120605,000000,561.0200000,566.4200000,558.4000000,562.8300000,878409
US2.AAPL,D,20120606,000000,567.7800000,573.7550000,565.6250000,571.6800000,890961
US2.AAPL,D,20120607,000000,577.2900000,577.2900000,570.5200000,571.7300000,907074
US2.AAPL,D,20120608,000000,571.1900000,580.5400000,569.0100000,580.2700000,947486
US2.AAPL,D,20120611,000000,587.6800000,588.5000000,571.0100000,571.4100000,1456990
US2.AAPL,D,20120612,000000,574.5000000,576.5600000,566.7450000,576.0500000,1149812
US2.AAPL,D,20120613,000000,574.2700000,578.4500000,570.3800000,571.9800000,803194
US2.AAPL,D,20120614,000000,571.2800000,573.4500000,567.2600000,571.4400000,973651
US2.AAPL,D,20120615,000000,570.5700000,574.5900000,569.5900000,574.0200000,716293
US2.AAPL,D,20120618,000000,570.9700000,587.8850000,570.4000000,585.8000000,1251211
US2.AAPL,D,20120619,000000,583.3900000,590.0000000,583.3400000,587.2500000,1008753
US2.AAPL,D,20120620,000000,588.0100000,589.2100000,580.8400000,585.7600000,1065648
US2.AAPL,D,20120621,000000,585.6900000,588.1500000,577.4400000,577.5900000,1061467
US2.AAPL,D,20120622,000000,579.0400000,582.1300000,575.5100000,582.0500000,914241
US2.AAPL,D,20120625,000000,577.7300000,579.7500000,570.4000000,570.8100000,890033
US2.AAPL,D,20120626,000000,571.3300000,574.4900000,567.3700000,572.1100000,873578
US2.AAPL,D,20120627,000000,575.4700000,576.6500000,571.9400000,574.4500000,692016
US2.AAPL,D,20120628,000000,571.6400000,574.0000000,565.6900000,568.8300000,905122
US2.AAPL,D,20120629,000000,577.9400000,584.0000000,574.3300000,583.8700000,1194652
US2.AAPL,D,20120702,000000,584.4900000,593.4700000,583.7100000,592.5200000,1085342
US2.AAPL,D,20120703,000000,594.8800000,600.0000000,594.0000000,599.4000000,792880
US2.AAPL,D,20120705,000000,600.5100000,614.3400000,599.6900000,609.7700000,1341642
US2.AAPL,D,20120706,000000,607.2500000,608.4400000,601.6000000,605.9800000,1452081
US2.AAPL,D,20120709,000000,605.5900000,613.8500000,604.3500000,613.8400000,1052899
US2.AAPL,D,20120710,000000,617.9700000,619.8500000,605.4100000,608.0600000,1452914
US2.AAPL,D,20120711,000000,606.2250000,607.4600000,597.2200000,604.0200000,1200808
US2.AAPL,D,20120712,000000,600.2400000,603.4300000,592.7100000,598.7400000,1267139
US2.AAPL,D,20120713,000000,602.9500000,607.1300000,600.6600000,604.8900000,862149
US2.AAPL,D,20120716,000000,605.1100000,611.6100000,605.0900000,606.9100000,822751
US2.AAPL,D,20120717,000000,610.6500000,611.4500000,603.1700000,606.8800000,900946
US2.AAPL,D,20120718,000000,606.4800000,608.2600000,603.5800000,606.0000000,713186
US2.AAPL,D,20120719,000000,611.3100000,615.3500000,608.3400000,614.3400000,1411241
US2.AAPL,D,20120720,000000,613.7100000,614.4400000,603.8900000,603.9000000,1137409
US2.AAPL,D,20120723,000000,595.0000000,605.9000000,587.7200000,603.5500000,1334745
US2.AAPL,D,20120724,000000,607.3800000,609.6300000,598.6100000,600.7600000,1196642
US2.AAPL,D,20120725,000000,574.2200000,580.7800000,570.0000000,574.9400000,2387573
US2.AAPL,D,20120726,000000,579.8600000,580.3100000,570.3700000,574.5600000,1114710
US2.AAPL,D,20120727,000000,575.1900000,585.8000000,571.6100000,585.1200000,1237294
US2.AAPL,D,20120730,000000,591.0850000,599.4000000,588.0000000,594.9900000,1264235
US2.AAPL,D,20120731,000000,603.4400000,611.6900000,602.7500000,610.7500000,1312227
US2.AAPL,D,20120801,000000,615.6400000,616.3400000,603.0900000,606.8500000,1147514
US2.AAPL,D,20120802,000000,602.7100000,610.5800000,600.3000000,607.8600000,1009872
US2.AAPL,D,20120803,000000,613.7400000,617.9100000,611.5600000,615.6200000,957809
US2.AAPL,D,20120806,000000,617.1000000,624.8500000,615.2700000,622.5000000,737901
US2.AAPL,D,20120807,000000,622.7700000,625.0000000,618.1200000,621.0000000,835943
US2.AAPL,D,20120808,000000,619.0500000,623.8500000,617.1600000,619.9000000,664156
US2.AAPL,D,20120809,000000,617.9300000,621.6500000,617.9300000,620.7200000,424190
US2.AAPL,D,20120810,000000,619.0400000,621.7300000,618.8100000,621.6700000,495622
US2.AAPL,D,20120814,000000,631.9900000,638.5600000,630.2300000,631.6600000,945679
US2.AAPL,D,20120815,000000,631.4800000,633.9900000,627.7500000,630.6700000,597510
US2.AAPL,D,20120816,000000,631.2500000,636.7300000,630.5100000,636.3000000,691310
US2.AAPL,D,20120817,000000,639.6500000,648.1800000,639.3700000,648.1500000,1155539
US2.AAPL,D,20120820,000000,650.0900000,665.1400000,649.9100000,665.1400000,1614266
US2.AAPL,D,20120821,000000,670.9300000,674.8700000,650.3300000,656.0600000,2227882
US2.AAPL,D,20120822,000000,654.3200000,669.0000000,648.1400000,668.9600000,1619238
US2.AAPL,D,20120823,000000,665.9500000,669.8800000,661.1600000,662.4000000,1237601
US2.AAPL,D,20120824,000000,659.2600000,669.4200000,655.5900000,663.2000000,1139492
US2.AAPL,D,20120827,000000,679.8500000,680.8400000,673.5400000,675.5000000,1058198
US2.AAPL,D,20120828,000000,674.7500000,676.1000000,670.7000000,674.8500000,727868
US2.AAPL,D,20120829,000000,675.1600000,677.6250000,672.6400000,673.5300000,581147
US2.AAPL,D,20120830,000000,670.7400000,671.4500000,662.8600000,663.8200000,793502
US2.AAPL,D,20120831,000000,667.1500000,668.5900000,657.2500000,665.2000000,1136619
US2.AAPL,D,20120904,000000,665.5700000,675.1000000,664.5500000,674.6300000,1048870
US2.AAPL,D,20120905,000000,675.6600000,676.3200000,669.6400000,670.2000000,921151
US2.AAPL,D,20120906,000000,673.0800000,678.2500000,670.8450000,676.1900000,1064986
US2.AAPL,D,20120907,000000,678.1800000,682.4800000,675.7900000,680.3600000,1101514
US2.AAPL,D,20120910,000000,680.4900000,683.1900000,662.1300000,662.5000000,1330234
US2.AAPL,D,20120911,000000,665.2700000,670.0050000,656.5100000,660.5800000,1367516
US2.AAPL,D,20120912,000000,666.8500000,669.8600000,656.0000000,669.7100000,1943303
US2.AAPL,D,20120913,000000,677.4200000,685.4600000,674.8200000,682.9800000,1590990
US2.AAPL,D,20120914,000000,689.8550000,696.9800000,688.0600000,691.2000000,1740410
US2.AAPL,D,20120917,000000,699.3700000,699.7600000,694.6500000,699.7300000,1015883
US2.AAPL,D,20120918,000000,699.8900000,702.3100000,696.4400000,701.9900000,1021077
US2.AAPL,D,20120919,000000,700.4400000,703.9800000,699.6400000,702.0900000,972536
US2.AAPL,D,20120920,000000,699.1600000,700.0600000,693.7800000,698.7300000,912847
US2.AAPL,D,20120921,000000,702.3600000,705.0600000,699.3700000,700.5200000,1322287
US2.AAPL,D,20120924,000000,686.5500000,695.1100000,683.0000000,689.8500000,1709217
US2.AAPL,D,20120925,000000,688.2600000,692.7500000,673.0600000,673.4300000,1454022
US2.AAPL,D,20120926,000000,668.7400000,672.6800000,661.2500000,665.1000000,1587133
US2.AAPL,D,20120927,000000,664.2400000,682.1000000,660.5000000,681.2400000,1590356
US2.AAPL,D,20120928,000000,678.5400000,681.0000000,666.7800000,667.2300000,1488329
US2.AAPL,D,20121001,000000,671.2000000,676.7250000,656.5000000,659.6000000,1510642
US2.AAPL,D,20121002,000000,662.1300000,666.2600000,650.7400000,661.3400000,1893554
US2.AAPL,D,20121003,000000,665.0950000,671.7600000,662.6300000,671.7500000,1146402
US2.AAPL,D,20121004,000000,671.2600000,674.2000000,665.6000000,666.8500000,1008630
US2.AAPL,D,20121005,000000,665.2600000,666.0000000,651.2800000,652.5700000,1820445
US2.AAPL,D,20121008,000000,646.9000000,647.5600000,636.1100000,638.2400000,1710178
US2.AAPL,D,20121009,000000,638.6500000,640.4800000,623.5700000,636.3100000,2226748
US2.AAPL,D,20121010,000000,639.7600000,644.9300000,637.0000000,640.9000000,1457445
US2.AAPL,D,20121011,000000,646.7000000,646.8600000,628.1700000,628.1700000,1612290
US2.AAPL,D,20121012,000000,629.5600000,635.3600000,625.3600000,629.8300000,1367116
US2.AAPL,D,20121015,000000,632.1100000,635.1300000,623.9800000,634.6000000,1211115
US2.AAPL,D,20121016,000000,635.3400000,650.2400000,631.0000000,649.7000000,1683084
US2.AAPL,D,20121017,000000,648.8700000,652.7700000,644.0000000,644.5300000,1257067
US2.AAPL,D,20121018,000000,639.5900000,642.0300000,630.0000000,632.6600000,1609175
US2.AAPL,D,20121019,000000,631.0500000,631.7700000,609.7200000,609.9800000,2295484
US2.AAPL,D,20121022,000000,612.0400000,635.3500000,611.0000000,633.7900000,1606897
US2.AAPL,D,20121023,000000,631.0000000,631.3600000,621.7500000,628.2100000,570604
US2.AAPL,D,20121024,000000,621.5500000,626.4700000,610.6900000,616.7200000,1379044
US2.AAPL,D,20121025,000000,619.7800000,622.0000000,605.5800000,609.1100000,1295954
US2.AAPL,D,20121026,000000,609.4900000,613.9800000,591.0000000,603.8300000,2712816
US2.AAPL,D,20121031,000000,594.2100000,601.9500000,587.7100000,595.0600000,1092963
US2.AAPL,D,20121101,000000,598.3900000,602.8500000,594.1800000,596.5300000,687367
US2.AAPL,D,20121102,000000,595.9600000,596.8800000,574.7600000,576.8700000,1338158
US2.AAPL,D,20121105,000000,583.2900000,587.7700000,577.7000000,584.6200000,1105506
US2.AAPL,D,20121106,000000,590.2300000,590.7200000,580.1000000,582.8600000,838439
US2.AAPL,D,20121107,000000,573.9400000,574.3600000,555.7500000,557.9900000,1647949
US2.AAPL,D,20121108,000000,560.9000000,562.1800000,535.3200000,537.2600000,2521179
US2.AAPL,D,20121109,000000,540.2550000,554.8500000,533.7700000,547.0600000,2238213
US2.AAPL,D,20121112,000000,554.0500000,554.4600000,538.6850000,543.0100000,1106752
US2.AAPL,D,20121113,000000,538.9200000,550.4800000,536.4500000,542.7000000,1153688
US2.AAPL,D,20121114,000000,545.3100000,547.3800000,536.2000000,536.9900000,1059257
US2.AAPL,D,20121115,000000,537.6100000,539.3950000,522.7200000,526.0500000,1898967
US2.AAPL,D,20121116,000000,525.1500000,530.0000000,505.8200000,527.5500000,3175817
US2.AAPL,D,20121119,000000,540.4700000,567.4900000,540.0000000,566.6000000,2006219
US2.AAPL,D,20121120,000000,571.7000000,571.8650000,554.6100000,561.0000000,1607776
US2.AAPL,D,20121121,000000,564.1300000,567.3600000,556.7150000,561.9400000,782068
US2.AAPL,D,20121123,000000,567.3650000,572.0000000,562.6400000,571.4700000,595179
US2.AAPL,D,20121126,000000,575.9000000,589.8700000,573.7100000,588.9000000,1334383
US2.AAPL,D,20121127,000000,589.5500000,590.3300000,580.1300000,584.8900000,1116603
US2.AAPL,D,20121128,000000,577.2700000,585.7700000,572.2800000,582.8300000,1084633
US2.AAPL,D,20121129,000000,590.0700000,594.2300000,585.2500000,589.3200000,1133992
US2.AAPL,D,20121130,000000,586.4900000,588.0100000,582.7200000,585.1300000,812575
US2.AAPL,D,20121203,000000,593.6500000,594.4600000,585.5000000,586.1600000,835273
US2.AAPL,D,20121204,000000,581.7300000,581.7300000,572.1400000,575.9000000,1115658
US2.AAPL,D,20121205,000000,568.9100000,568.9100000,538.8000000,538.8000000,2466119
US2.AAPL,D,20121206,000000,528.7400000,553.3000000,518.7400000,547.3200000,2978771
US2.AAPL,D,20121207,000000,553.5000000,555.1100000,530.0000000,533.0300000,2006218
US2.AAPL,D,20121210,000000,524.7900000,538.4700000,521.5800000,529.8700000,1376271
US2.AAPL,D,20121211,000000,539.7700000,549.5400000,537.4000000,541.0000000,1186714
US2.AAPL,D,20121212,000000,547.9400000,547.9600000,536.3500000,538.7800000,1117155
US2.AAPL,D,20121213,000000,531.0900000,537.5300000,525.8200000,529.5800000,1240970
US2.AAPL,D,20121214,000000,514.7500000,518.1000000,505.6200000,509.0000000,2550510
US2.AAPL,D,20121217,000000,508.9300000,519.0000000,501.2300000,518.8800000,1675278
US2.AAPL,D,20121218,000000,525.3500000,534.9000000,520.2700000,533.9000000,1555062
US2.AAPL,D,20121219,000000,531.4700000,533.5800000,525.5600000,526.2000000,1131400
US2.AAPL,D,20121220,000000,530.0400000,530.1400000,518.8800000,521.8700000,1207366
US2.AAPL,D,20121221,000000,512.5800000,519.5700000,510.3000000,519.3000000,1382509
US2.AAPL,D,20121224,000000,520.3500000,524.2400000,518.7500000,520.1700000,366754
US2.AAPL,D,20121226,000000,519.0000000,519.4000000,511.1300000,512.9600000,672937
US2.AAPL,D,20121227,000000,513.7400000,516.1800000,504.6800000,514.8600000,1184753
US2.AAPL,D,20121228,000000,510.2900000,514.4700000,508.1800000,509.4350000,986464
US2.AAPL,D,20121231,000000,510.5300000,535.3500000,509.0000000,533.2550000,1396790
US2.AAPL,D,20130102,000000,553.8200000,555.0000000,541.7400000,548.7500000,1253557
US2.AAPL,D,20130103,000000,547.6500000,549.5900000,541.0100000,542.3800000,774029
US2.AAPL,D,20130104,000000,536.9000000,538.5200000,526.1300000,527.0100000,1446196
US2.AAPL,D,20130107,000000,522.0100000,529.1000000,515.2700000,523.8200000,1128448
US2.AAPL,D,20130108,000000,529.0000000,531.8300000,521.2500000,525.3050000,1006522
US2.AAPL,D,20130109,000000,522.7000000,524.9500000,516.1100000,516.9600000,910467
US2.AAPL,D,20130110,000000,528.2200000,528.5900000,515.5400000,523.5500000,1459246
US2.AAPL,D,20130111,000000,520.8900000,525.2300000,519.1100000,520.2100000,983002
US2.AAPL,D,20130114,000000,502.6800000,507.5000000,498.6700000,501.7200000,1716961
US2.AAPL,D,20130115,000000,498.0900000,498.9500000,483.3800000,485.9700000,1943278
US2.AAPL,D,20130116,000000,494.6300000,509.4200000,492.5800000,506.1050000,1467107
US2.AAPL,D,20130117,000000,510.3000000,510.7300000,502.0300000,502.6400000,1085843
US2.AAPL,D,20130118,000000,498.0500000,502.1600000,496.4200000,499.9800000,1280509
US2.AAPL,D,20130122,000000,504.7800000,507.7100000,500.5200000,500.8500000,223395
US2.AAPL,D,20130123,000000,508.7500000,514.9800000,504.8000000,514.0300000,1439610
US2.AAPL,D,20130124,000000,460.0000000,465.7300000,450.2500000,450.4800000,2941449
US2.AAPL,D,20130125,000000,451.7400000,456.2200000,437.3800000,439.9000000,2296471
US2.AAPL,D,20130128,000000,444.1200000,452.5000000,443.6500000,452.0100000,508086
US2.AAPL,D,20130129,000000,458.3800000,460.1200000,452.1400000,458.2600000,1254499
US2.AAPL,D,20130130,000000,457.0000000,462.5200000,454.5000000,456.7950000,815545
US2.AAPL,D,20130131,000000,456.8600000,459.2600000,455.0000000,455.4150000,590828
US2.AAPL,D,20130201,000000,459.1500000,459.4700000,448.4000000,453.6400000,1279156
US2.AAPL,D,20130204,000000,453.9100000,455.9000000,442.0000000,442.2200000,1036433
US2.AAPL,D,20130205,000000,444.2500000,459.6800000,442.2900000,457.8550000,1404024
US2.AAPL,D,20130206,000000,456.4700000,466.4600000,452.6400000,457.3100000,1390964
US2.AAPL,D,20130207,000000,463.2600000,469.9900000,454.1700000,468.2450000,1498908
US2.AAPL,D,20130208,000000,473.9400000,478.8100000,470.2800000,474.8900000,1626353
US2.AAPL,D,20130211,000000,476.4900000,484.8900000,473.2600000,479.8800000,1048580
US2.AAPL,D,20130212,000000,479.5100000,482.3700000,467.7700000,467.8700000,1215832
US2.AAPL,D,20130213,000000,467.4100000,473.6200000,463.2500000,467.0000000,1074870
US2.AAPL,D,20130214,000000,464.5500000,471.6000000,464.0200000,466.6250000,884310
US2.AAPL,D,20130215,000000,468.8500000,470.1600000,459.9200000,460.2500000,1013149
US2.AAPL,D,20130219,000000,461.2200000,462.6900000,453.8500000,459.9550000,1113938
US2.AAPL,D,20130220,000000,457.6400000,457.6800000,448.8000000,449.0900000,1164507
US2.AAPL,D,20130221,000000,445.6900000,449.1200000,442.8800000,445.7300000,1121989
US2.AAPL,D,20130222,000000,449.2300000,451.5800000,446.6300000,450.6600000,869602
US2.AAPL,D,20130225,000000,453.9000000,455.1000000,442.5700000,442.9200000,989977
US2.AAPL,D,20130226,000000,443.9800000,451.5000000,437.7100000,448.9500000,1074514
US2.AAPL,D,20130227,000000,448.4300000,452.3500000,440.6900000,444.5600000,1370611
US2.AAPL,D,20130228,000000,443.9700000,447.7800000,441.6600000,441.7100000,586260
US2.AAPL,D,20130301,000000,437.9800000,438.1050000,430.0000000,430.4000000,1259529
US2.AAPL,D,20130304,000000,427.5100000,428.1900000,419.0000000,419.8700000,1185722
US2.AAPL,D,20130305,000000,421.4800000,435.1300000,420.7500000,431.1550000,1367269
US2.AAPL,D,20130306,000000,434.6300000,435.1800000,424.4400000,425.6300000,961960
US2.AAPL,D,20130307,000000,424.5600000,432.0000000,421.0800000,430.5250000,1174660
US2.AAPL,D,20130308,000000,429.8900000,435.3900000,428.6600000,431.7000000,1098915
US2.AAPL,D,20130311,000000,429.7200000,439.0000000,425.1600000,437.7550000,1010473
US2.AAPL,D,20130312,000000,435.6300000,438.8600000,428.1300000,428.3450000,1115315
US2.AAPL,D,20130313,000000,428.2950000,434.5000000,425.3700000,428.2000000,1063896
US2.AAPL,D,20130314,000000,432.8600000,434.6300000,430.4700000,432.4500000,823838
US2.AAPL,D,20130315,000000,437.9300000,444.2300000,437.2500000,443.8400000,1458730
US2.AAPL,D,20130318,000000,441.3900000,457.4500000,441.2400000,455.7750000,1455473
US2.AAPL,D,20130319,000000,459.5600000,460.9200000,448.5300000,454.5150000,1256254
US2.AAPL,D,20130320,000000,457.4200000,457.4400000,449.6200000,452.0250000,672886
US2.AAPL,D,20130321,000000,450.4000000,457.9500000,450.1700000,452.7600000,882659
US2.AAPL,D,20130322,000000,454.5800000,462.0900000,453.1600000,462.0000000,1046469
US2.AAPL,D,20130325,000000,464.6900000,469.8900000,461.8100000,463.5400000,1193921
US2.AAPL,D,20130326,000000,465.2400000,465.6400000,460.5400000,461.1450000,596517
US2.AAPL,D,20130327,000000,456.4600000,456.5600000,450.7800000,452.1200000,791923
US2.AAPL,D,20130328,000000,449.9900000,451.8100000,441.6800000,442.6700000,1003730
US2.AAPL,D,20130401,000000,442.1500000,443.6200000,427.8100000,428.8850000,926648
US2.AAPL,D,20130402,000000,427.5100000,438.0600000,426.4200000,429.7950000,1169074
US2.AAPL,D,20130403,000000,431.3700000,437.2500000,430.3600000,431.9700000,891265
US2.AAPL,D,20130404,000000,433.7600000,434.9600000,425.2800000,427.5900000,972801
US2.AAPL,D,20130405,000000,424.5400000,424.9400000,419.6800000,423.1300000,1116403
US2.AAPL,D,20130408,000000,424.9000000,427.3900000,422.5100000,426.1600000,752953
US2.AAPL,D,20130409,000000,426.3200000,428.5000000,422.7600000,426.9100000,853393
US2.AAPL,D,20130410,000000,428.4300000,437.0000000,426.0200000,435.5700000,880876
US2.AAPL,D,20130411,000000,433.7200000,437.9500000,431.2350000,434.3650000,772421
US2.AAPL,D,20130412,000000,433.8300000,433.8300000,429.1150000,429.6800000,569257
US2.AAPL,D,20130415,000000,426.9700000,427.8600000,419.5500000,419.7600000,819311
US2.AAPL,D,20130416,000000,421.4800000,426.6000000,420.6800000,426.3400000,637457
US2.AAPL,D,20130417,000000,420.2700000,420.3500000,398.2900000,402.7600000,1942397
US2.AAPL,D,20130418,000000,404.8800000,405.7500000,389.7900000,391.9400000,1576030
US2.AAPL,D,20130419,000000,388.0000000,399.5700000,385.1200000,390.4500000,1344330
US2.AAPL,D,20130422,000000,392.6500000,402.1700000,391.4900000,398.6600000,830726
US2.AAPL,D,20130423,000000,403.9900000,408.3700000,398.8100000,406.0200000,831369
US2.AAPL,D,20130424,000000,393.5400000,415.1800000,392.5600000,405.5000000,1730511
US2.AAPL,D,20130425,000000,411.2500000,413.8800000,407.0750000,408.7000000,816994
US2.AAPL,D,20130426,000000,409.7600000,418.7500000,408.2900000,417.1300000,1302413
US2.AAPL,D,20130429,000000,420.4500000,433.5400000,420.2000000,430.0850000,1201358
US2.AAPL,D,20130430,000000,435.1000000,445.2500000,432.1700000,442.7900000,1276140
US2.AAPL,D,20130501,000000,444.4600000,444.7000000,434.4000000,439.4350000,1011400
US2.AAPL,D,20130502,000000,441.9100000,448.5800000,440.6300000,445.5200000,884510
US2.AAPL,D,20130503,000000,451.3900000,453.1900000,449.5300000,449.9350000,874898
US2.AAPL,D,20130506,000000,455.7100000,462.1900000,454.4500000,460.7500000,888599
US2.AAPL,D,20130507,000000,465.0000000,465.6600000,453.7900000,458.6700000,974979
US2.AAPL,D,20130508,000000,459.1600000,465.3500000,455.9400000,463.7100000,1076218
US2.AAPL,D,20130509,000000,459.8700000,463.0000000,455.6200000,456.6900000,974598
US2.AAPL,D,20130510,000000,457.9500000,459.7000000,450.5000000,452.9250000,828563
US2.AAPL,D,20130513,000000,451.5300000,457.8900000,451.5200000,454.6900000,678594
US2.AAPL,D,20130514,000000,453.8400000,455.2000000,442.2000000,443.7400000,901676
US2.AAPL,D,20130515,000000,439.2300000,441.0000000,422.3800000,428.9650000,1591881
US2.AAPL,D,20130516,000000,423.2000000,437.8500000,418.9800000,434.5200000,1290356
US2.AAPL,D,20130517,000000,439.0500000,440.0500000,431.0100000,433.4300000,1249017
US2.AAPL,D,20130520,000000,438.3800000,445.6700000,438.1900000,442.7300000,733403
US2.AAPL,D,20130521,000000,438.0800000,441.0900000,434.2100000,438.6700000,451373
US2.AAPL,D,20130522,000000,444.0300000,448.2800000,438.2600000,441.4700000,1072336
US2.AAPL,D,20130523,000000,436.0300000,446.0900000,435.9800000,442.2550000,927939
US2.AAPL,D,20130524,000000,440.6900000,445.5500000,440.5200000,445.1400000,713002
US2.AAPL,D,20130528,000000,449.9000000,451.0100000,440.9100000,441.6400000,896277
US2.AAPL,D,20130529,000000,440.1600000,447.4900000,439.4450000,444.9950000,810249
US2.AAPL,D,20130530,000000,445.5100000,454.4850000,444.5300000,451.7000000,914324
US2.AAPL,D,20130531,000000,452.5000000,457.0700000,449.6100000,449.7200000,998855
US2.AAPL,D,20130603,000000,450.7300000,452.2500000,442.4800000,450.4800000,827803
US2.AAPL,D,20130604,000000,453.1200000,454.4100000,447.4100000,449.2650000,657887
US2.AAPL,D,20130605,000000,445.4900000,450.5500000,443.7500000,445.1800000,715291
US2.AAPL,D,20130606,000000,445.0900000,446.9100000,434.0600000,438.4900000,1026099
US2.AAPL,D,20130607,000000,436.2900000,443.2300000,432.8200000,441.8500000,1035612
US2.AAPL,D,20130610,000000,444.5400000,448.9400000,436.8200000,438.7950000,1037308
US2.AAPL,D,20130611,000000,435.7400000,442.7100000,433.3900000,437.7200000,697093
US2.AAPL,D,20130612,000000,439.4600000,441.2100000,431.5200000,431.9800000,629360
US2.AAPL,D,20130613,000000,432.3300000,437.0100000,428.7900000,435.8850000,798222
US2.AAPL,D,20130614,000000,435.4100000,436.2900000,428.5300000,429.9800000,700900
US2.AAPL,D,20130617,000000,431.4400000,435.6900000,430.4000000,432.0150000,650618
US2.AAPL,D,20130618,000000,431.8000000,434.9000000,430.2500000,431.7500000,436614
US2.AAPL,D,20130619,000000,431.2500000,431.6200000,423.0200000,423.0250000,689964
US2.AAPL,D,20130620,000000,419.3000000,425.9700000,415.1800000,416.6450000,877605
US2.AAPL,D,20130621,000000,418.1700000,419.9400000,408.1700000,413.6800000,1069290
US2.AAPL,D,20130624,000000,407.3900000,408.6100000,398.0500000,402.2100000,1098687
US2.AAPL,D,20130625,000000,405.6500000,407.7500000,398.8400000,402.7700000,762474
US2.AAPL,D,20130626,000000,403.7000000,404.7500000,395.7100000,398.0150000,852655
US2.AAPL,D,20130627,000000,399.2500000,401.3500000,394.0100000,394.7600000,640974
US2.AAPL,D,20130628,000000,391.3300000,400.2400000,388.8900000,396.0400000,1139539
US2.AAPL,D,20130701,000000,402.8700000,412.2500000,401.2700000,409.2850000,910516
US2.AAPL,D,20130702,000000,409.9600000,421.6100000,409.5100000,418.3100000,1067015
US2.AAPL,D,20130703,000000,420.8600000,422.9500000,417.4700000,420.8950000,685996
US2.AAPL,D,20130705,000000,420.0500000,423.2200000,415.3700000,417.3550000,672334
US2.AAPL,D,20130708,000000,420.1100000,421.0000000,410.7100000,415.0700000,697263
US2.AAPL,D,20130709,000000,413.6000000,423.4500000,410.4300000,422.1300000,730626
US2.AAPL,D,20130710,000000,419.6400000,424.8000000,418.3000000,420.7300000,728858
US2.AAPL,D,20130711,000000,422.9500000,428.2500000,421.3800000,427.3700000,728700
US2.AAPL,D,20130712,000000,427.6500000,429.7400000,423.4900000,426.6300000,735657
US2.AAPL,D,20130715,000000,425.4500000,431.4500000,424.8800000,427.4650000,447445
US2.AAPL,D,20130716,000000,426.5400000,430.7000000,424.3000000,430.2450000,556617
US2.AAPL,D,20130717,000000,429.5800000,432.1600000,428.3400000,430.2900000,461658
US2.AAPL,D,20130718,000000,433.4600000,434.8400000,430.6200000,431.7500000,462421
US2.AAPL,D,20130719,000000,433.1000000,433.9300000,424.3900000,424.9550000,664709
US2.AAPL,D,20130722,000000,429.4600000,429.7300000,425.5500000,426.3100000,432429
US2.AAPL,D,20130723,000000,426.1500000,426.6300000,418.7100000,418.8500000,614187
US2.AAPL,D,20130724,000000,439.0700000,444.5500000,435.3600000,440.5100000,1283116
US2.AAPL,D,20130725,000000,440.6700000,441.2700000,435.8500000,438.5050000,607570
US2.AAPL,D,20130726,000000,435.4700000,441.0300000,434.4900000,440.9800000,448845
US2.AAPL,D,20130729,000000,440.6100000,449.9900000,440.2000000,447.7600000,600312
US2.AAPL,D,20130730,000000,449.9600000,457.1400000,449.3300000,453.3800000,649037
US2.AAPL,D,20130731,000000,454.9000000,457.3000000,449.4600000,452.5550000,555936
US2.AAPL,D,20130801,000000,455.4150000,456.7800000,453.2800000,456.7500000,360054
US2.AAPL,D,20130802,000000,457.9500000,462.8300000,456.6900000,462.6100000,617256
US2.AAPL,D,20130805,000000,464.6900000,470.6700000,462.1600000,469.4450000,600468
US2.AAPL,D,20130806,000000,468.0200000,471.8700000,462.2700000,465.3400000,692257
US2.AAPL,D,20130807,000000,463.7700000,466.9300000,461.8300000,464.9900000,942705
US2.AAPL,D,20130808,000000,464.0800000,464.0800000,458.0000000,461.0000000,673053
US2.AAPL,D,20130809,000000,458.9900000,460.3700000,453.6500000,454.4300000,572491
US2.AAPL,D,20130812,000000,456.7800000,468.5900000,456.6800000,467.4600000,692424
US2.AAPL,D,20130813,000000,471.0100000,494.5900000,468.1200000,489.9250000,1760335
US2.AAPL,D,20130814,000000,497.7600000,504.2200000,493.4000000,498.5950000,1428940
US2.AAPL,D,20130815,000000,496.4200000,502.3700000,493.8400000,497.9250000,813392
US2.AAPL,D,20130816,000000,500.1600000,502.9000000,498.8700000,502.3200000,720129
US2.AAPL,D,20130819,000000,504.4300000,513.6400000,504.0300000,507.7800000,964838
US2.AAPL,D,20130820,000000,509.4500000,510.4900000,500.8300000,501.2200000,713752
US2.AAPL,D,20130821,000000,503.1100000,507.1100000,501.2100000,502.4100000,652990
US2.AAPL,D,20130822,000000,504.9950000,505.4800000,498.2700000,502.8700000,491137
US2.AAPL,D,20130823,000000,502.7400000,502.9200000,499.4300000,501.0000000,412636
US2.AAPL,D,20130826,000000,500.7000000,510.2000000,500.6500000,502.7300000,562544
US2.AAPL,D,20130827,000000,497.9300000,502.5000000,486.4000000,488.3000000,792894
US2.AAPL,D,20130828,000000,486.0200000,495.7100000,486.0200000,490.7300000,573131
US2.AAPL,D,20130829,000000,491.6500000,496.5000000,491.3150000,491.6900000,379541
US2.AAPL,D,20130830,000000,492.0100000,492.8500000,486.5100000,487.1150000,564189
US2.AAPL,D,20130903,000000,493.2900000,496.8800000,487.3600000,488.5750000,614773
US2.AAPL,D,20130904,000000,499.5600000,502.2100000,496.3100000,498.7600000,670593
US2.AAPL,D,20130905,000000,500.2500000,500.6300000,493.7300000,495.2000000,418543
US2.AAPL,D,20130906,000000,498.4400000,499.3100000,489.9800000,498.2400000,849588
US2.AAPL,D,20130909,000000,504.8800000,507.9000000,503.5000000,506.1100000,679219
US2.AAPL,D,20130910,000000,506.2900000,507.4100000,489.5500000,494.6550000,1452178
US2.AAPL,D,20130911,000000,467.4800000,473.6700000,464.8300000,467.6300000,1598306
US2.AAPL,D,20130912,000000,468.6600000,475.4000000,466.0400000,472.6300000,784778
US2.AAPL,D,20130913,000000,469.6700000,471.8200000,464.7200000,464.9600000,671440
US2.AAPL,D,20130916,000000,461.0700000,461.4400000,447.3300000,449.9100000,957855
US2.AAPL,D,20130917,000000,447.7500000,459.7000000,447.5700000,455.2800000,681428
US2.AAPL,D,20130918,000000,463.1800000,466.3200000,460.7400000,464.6900000,854579
US2.AAPL,D,20130919,000000,471.0000000,475.8300000,469.3600000,472.3650000,854519
US2.AAPL,D,20130920,000000,478.0000000,478.5300000,467.0100000,467.1100000,1198712
US2.AAPL,D,20130923,000000,496.1050000,496.9000000,482.6300000,490.6400000,1504910
US2.AAPL,D,20130924,000000,494.8700000,495.4500000,487.9800000,489.1500000,753528
US2.AAPL,D,20130925,000000,489.4500000,489.6400000,481.4700000,481.5900000,668451
US2.AAPL,D,20130926,000000,486.0000000,488.5500000,483.9900000,486.2800000,519898
US2.AAPL,D,20130927,000000,483.6600000,484.6350000,480.7200000,482.7300000,636870
US2.AAPL,D,20130930,000000,476.7600000,481.6200000,474.4700000,476.7400000,672335
US2.AAPL,D,20131001,000000,478.5850000,489.1400000,478.3900000,487.9950000,700493
US2.AAPL,D,20131002,000000,485.4000000,491.7700000,483.7600000,489.5200000,535634
US2.AAPL,D,20131003,000000,490.5000000,492.2500000,480.7500000,483.5000000,623478
US2.AAPL,D,20131004,000000,483.8600000,484.5900000,478.6300000,483.0050000,633464
US2.AAPL,D,20131007,000000,486.5600000,492.6000000,485.3700000,487.6400000,566356
US2.AAPL,D,20131008,000000,489.5100000,490.5900000,480.5800000,480.8500000,673876
US2.AAPL,D,20131009,000000,484.4700000,487.7200000,478.2800000,486.3500000,537451
US2.AAPL,D,20131010,000000,491.3200000,492.3500000,487.3000000,489.7900000,622347
US2.AAPL,D,20131011,000000,487.2600000,493.8400000,485.3500000,492.9450000,624333
US2.AAPL,D,20131014,000000,489.8300000,497.5800000,489.3500000,496.0900000,543337
US2.AAPL,D,20131015,000000,497.5050000,502.0000000,495.5800000,498.7200000,722582
US2.AAPL,D,20131016,000000,500.7400000,502.5300000,499.2900000,501.0200000,543868
US2.AAPL,D,20131017,000000,499.9850000,504.7600000,499.6900000,504.6500000,565841
US2.AAPL,D,20131018,000000,506.0700000,509.2500000,505.8300000,508.9900000,688420
US2.AAPL,D,20131021,000000,511.7600000,524.2800000,511.7600000,521.3100000,725273
US2.AAPL,D,20131022,000000,526.4300000,528.3900000,508.1900000,519.8700000,1004929
US2.AAPL,D,20131023,000000,519.1750000,525.6700000,519.0600000,524.9900000,642942
US2.AAPL,D,20131024,000000,524.9600000,532.4700000,522.5100000,531.8100000,841239
US2.AAPL,D,20131025,000000,531.2900000,533.2300000,525.1100000,526.2050000,837573
US2.AAPL,D,20131028,000000,529.0400000,530.9400000,523.2600000,529.9100000,761129
US2.AAPL,D,20131029,000000,536.2700000,539.1800000,514.5600000,517.0000000,1254255
US2.AAPL,D,20131030,000000,519.4000000,527.5000000,517.0600000,524.8800000,725399
US2.AAPL,D,20131031,000000,524.7300000,527.4100000,521.3000000,522.3800000,648313
US2.AAPL,D,20131101,000000,524.0400000,524.7600000,515.9000000,520.0200000,809014
US2.AAPL,D,20131104,000000,521.3500000,526.8100000,518.8200000,526.7100000,530505
US2.AAPL,D,20131105,000000,524.5000000,528.7700000,523.0000000,525.5800000,715280
US2.AAPL,D,20131106,000000,524.4700000,524.8050000,518.2500000,520.8650000,403133
US2.AAPL,D,20131107,000000,519.9800000,523.1500000,512.4100000,512.5000000,482582
US2.AAPL,D,20131108,000000,514.1400000,520.3400000,512.6700000,520.3400000,362296
US2.AAPL,D,20131111,000000,519.6700000,521.6150000,514.4200000,519.2250000,418395
US2.AAPL,D,20131112,000000,517.3500000,523.8700000,517.3400000,520.1150000,360634
US2.AAPL,D,20131113,000000,518.6600000,522.2000000,516.9800000,520.7300000,371378
US2.AAPL,D,20131114,000000,522.8100000,529.2500000,521.9400000,528.2900000,618557
US2.AAPL,D,20131115,000000,526.6000000,529.0000000,524.5000000,525.0700000,619619
US2.AAPL,D,20131118,000000,524.9900000,527.1600000,518.2200000,518.6500000,400110
US2.AAPL,D,20131119,000000,519.0500000,523.3500000,518.0000000,519.4800000,443782
US2.AAPL,D,20131120,000000,519.2000000,520.3700000,514.3600000,515.1100000,382350
US2.AAPL,D,20131121,000000,517.6000000,521.1900000,513.6800000,521.1100000,597248
US2.AAPL,D,20131122,000000,519.6300000,522.1100000,518.5500000,519.7400000,404044
US2.AAPL,D,20131125,000000,521.2600000,525.8600000,521.0200000,523.7500000,461096
US2.AAPL,D,20131126,000000,524.0600000,535.1600000,524.0000000,535.1000000,542593
US2.AAPL,D,20131127,000000,536.2800000,545.9900000,536.2600000,545.9050000,900759
US2.AAPL,D,20131129,000000,549.5600000,558.2700000,547.9000000,556.3500000,696515
US2.AAPL,D,20131202,000000,558.2000000,564.3000000,550.8950000,551.2500000,946005
US2.AAPL,D,20131203,000000,557.9950000,566.3700000,557.8050000,566.3700000,891110
US2.AAPL,D,20131204,000000,565.5000000,569.1700000,560.8300000,564.8050000,719981
US2.AAPL,D,20131205,000000,572.8000000,575.1100000,566.4300000,567.9000000,924479
US2.AAPL,D,20131206,000000,566.0700000,566.7200000,559.5900000,559.9900000,779215
US2.AAPL,D,20131209,000000,560.9900000,569.5400000,560.9100000,566.5400000,491314
US2.AAPL,D,20131210,000000,563.5400000,567.8800000,561.3200000,565.6450000,426398
US2.AAPL,D,20131211,000000,567.0000000,570.9100000,559.7500000,561.3400000,674192
US2.AAPL,D,20131212,000000,562.6100000,565.2300000,560.0700000,560.6100000,474408
US2.AAPL,D,20131213,000000,562.5750000,562.7500000,553.7000000,554.4500000,686329
US2.AAPL,D,20131216,000000,555.3500000,562.4900000,555.0900000,557.4500000,497036
US2.AAPL,D,20131217,000000,555.9200000,559.4200000,553.4400000,555.0000000,383969
US2.AAPL,D,20131218,000000,549.6200000,551.4200000,538.9100000,550.6950000,1008319
US2.AAPL,D,20131219,000000,549.5000000,549.9800000,543.7600000,544.4500000,553593
US2.AAPL,D,20131220,000000,545.4900000,551.5500000,545.0300000,549.0500000,707697
US2.AAPL,D,20131223,000000,568.0000000,570.7200000,562.8100000,570.1450000,787742
US2.AAPL,D,20131224,000000,569.9400000,571.8600000,566.0600000,567.6300000,269867
US2.AAPL,D,20131226,000000,568.0400000,569.4600000,563.4800000,563.8500000,301228
US2.AAPL,D,20131227,000000,563.7600000,564.3800000,559.5500000,560.1000000,506203
US2.AAPL,D,20131230,000000,557.4500000,558.0000000,552.4000000,554.5000000,417972
US2.AAPL,D,20131231,000000,554.2900000,561.2200000,554.0200000,561.1500000,374479
